Version: Taxi Continuous/Discontinuous v4.1.9723.39829
TriggerVersion: v4
TaskType: Discontinuous
MazeName: DTL Cam
NumberOfTrials: 1
PosterLocations: 
CompletionWindow: 60000
TimeoutDuration: 3000
IntersessionInterval: 1000
RewardTime: 1000
RewardViewCriteria: 45
RotationSpeed: 104.5476
MovementSpeed: 5
JoystickDeadzone: 0
AngleRestrictionAmount: 0
RequiredDistance: 1
ProximityDistance: 1
DirectionErrorDistance: 0.5
isJoystickEnabled: False
isReverseEnabled: True
isForwardEnabled: True
isRightEnabled: True
isLeftEnabled: True
isYInverted: False
isXInverted: False
RestartOnTrialFail: True
ResetPositionOnTrial: True
FaceRandomDirectionOnStart: False
MultipleWaypoints: False
DisableInterSessionBlackout: True
ResetPositionOnSession: False
EnableDirectionError: False
DisableHint: False
EnableRewardAreaError: False
RewardAreaErrorTime: -1
--- Start of Dataset --- 

 0 0.01723810 0.0000 -10.1059 0.0004
 0 0.05879240 0.0000 -10.1059 0.0004
 0 0.00819890 0.0000 -10.1059 0.0004
 0 0.03273000 0.0000 -10.1059 0.0004
 0 0.00466560 0.0000 -10.1059 0.0004
 0 0.00277990 0.0000 -10.1059 0.0004
 84 0.00277990 -12.8900 0.0600 90.0000
 0 0.00277990 -12.8900 0.0600 90.0000
 0 0.02000000 -12.8900 0.0600 90.0000
 0 0.00393960 -12.8900 0.0600 90.0000
 0 0.00619620 -12.8900 0.0600 90.0000
 0 0.01662650 -12.8900 0.0600 90.0000
 0 0.01640240 -12.8900 0.0600 90.0000
 0 0.01723620 -12.8900 0.0600 90.0000
 0 0.01648670 -12.8900 0.0600 90.0000
 0 0.01693550 -12.8900 0.0600 90.0000
 0 0.01647350 -12.8900 0.0600 90.0000
 0 0.01697060 -12.8900 0.0600 90.0000
 0 0.01678180 -12.8900 0.0600 90.0000
 0 0.01737280 -12.8900 0.0600 90.0000
 0 0.01601310 -12.8900 0.0600 90.0000
 0 0.01736140 -12.8900 0.0600 90.0000
 0 0.01854680 -12.8900 0.0600 90.0000
 0 0.01583250 -12.8900 0.0600 90.0000
 0 0.01660980 -12.8900 0.0600 90.0000
 0 0.01689110 -12.8900 0.0600 90.0000
 0 0.01684410 -12.8900 0.0600 90.0000
 0 0.01664850 -12.8900 0.0600 90.0000
 0 0.01681360 -12.8900 0.0600 90.0000
 0 0.01678770 -12.8900 0.0600 90.0000
 0 0.02087710 -12.8900 0.0600 90.0000
 0 0.01033390 -12.8900 0.0600 90.0000
 0 0.01883840 -12.8900 0.0600 90.0000
 0 0.01729500 -12.8900 0.0600 90.0000
 0 0.01544980 -12.8900 0.0600 90.0000
 0 0.01715150 -12.8900 0.0600 90.0000
 0 0.01902820 -12.8900 0.0600 90.0000
 0 0.01490570 -12.8900 0.0600 90.0000
 0 0.01912430 -12.8900 0.0600 90.0000
 0 0.01317050 -12.8900 0.0600 90.0000
 0 0.01712150 -12.8900 0.0600 90.0000
 0 0.01633150 -12.8900 0.0600 90.0000
 0 0.01639580 -12.8900 0.0600 90.0000
 0 0.01870110 -12.8900 0.0600 90.0000
 0 0.01798190 -12.8900 0.0600 90.0000
 0 0.01203150 -12.8900 0.0600 90.0000
 0 0.01731520 -12.8900 0.0600 90.0000
 0 0.01578390 -12.8900 0.0600 90.0000
 0 0.01920670 -12.8900 0.0600 90.0000
 0 0.01743700 -12.8900 0.0600 90.0000
 0 0.01780180 -12.8900 0.0600 90.0000
 0 0.01521750 -12.8900 0.0600 90.0000
 0 0.01647280 -12.8900 0.0600 90.0000
 0 0.01440880 -12.8900 0.0600 90.0000
 0 0.01622110 -12.8900 0.0600 90.0000
 0 0.02005130 -12.8900 0.0600 90.0000
 0 0.01612890 -12.8900 0.0600 90.0000
 0 0.01702370 -12.8900 0.0600 90.0000
 0 0.01700860 -12.8900 0.0600 90.0000
 0 0.01579180 -12.8900 0.0600 90.0000
 0 0.01369470 -12.8900 0.0600 90.0000
 11 0.01619980 -12.8900 0.0600 90.0000
 0 0.10062220 -12.8900 0.0600 90.0000
 0 0.01231930 -12.8900 0.0600 90.0000
 0 0.00875500 -12.8900 0.0600 90.0000
 0 0.00287860 -12.8900 0.0600 90.0000
 0 0.00772350 -12.8900 0.0600 90.0000
 0 0.00368030 -12.8900 0.0600 90.0000
 0 0.01475210 -12.8900 0.0600 90.0000
 0 0.01639320 -12.8900 0.0600 90.0000
 0 0.01895130 -12.8900 0.0600 90.0000
 0 0.01576590 -12.8900 0.0600 90.0000
 0 0.01642520 -12.8900 0.0600 90.0000
 0 0.01828400 -12.8900 0.0600 90.0000
 0 0.01778170 -12.8900 0.0600 90.0000
 0 0.02092250 -12.8900 0.0600 90.0000
 0 0.01167700 -12.8900 0.0600 90.0000
 0 0.01695490 -12.8900 0.0600 90.0000
 0 0.01745950 -12.8900 0.0600 90.0000
 0 0.01772150 -12.8900 0.0600 90.0000
 0 0.01747980 -12.8900 0.0600 90.0000
 0 0.01433680 -12.8900 0.0600 90.0000
 0 0.01720250 -12.8900 0.0600 90.0000
 0 0.01463600 -12.8900 0.0600 90.0000
 0 0.01949550 -12.8900 0.0600 90.0000
 0 0.01586850 -12.8900 0.0600 90.0000
 0 0.01559750 -12.8900 0.0600 90.0000
 0 0.01674460 -12.8900 0.0600 90.0000
 0 0.01694440 -12.8900 0.0600 90.0000
 0 0.01696090 -12.8900 0.0600 90.0000
 0 0.01639560 -12.8900 0.0600 90.0000
 0 0.02209030 -12.8900 0.0600 90.0000
 0 0.01068120 -12.8900 0.0600 90.0000
 0 0.01701310 -12.8900 0.0600 90.0000
 0 0.01645960 -12.8900 0.0600 90.0000
 0 0.01636600 -12.8900 0.0600 90.0000
 0 0.01829730 -12.8900 0.0600 90.0000
 0 0.01489470 -12.8900 0.0600 90.0000
 0 0.01715490 -12.8900 0.0600 90.0000
 0 0.01558650 -12.8900 0.0600 90.0000
 0 0.01864650 -12.8900 0.0600 90.0000
 0 0.01763220 -12.8900 0.0600 90.0000
 0 0.01432970 -12.8900 0.0600 90.0000
 0 0.01738140 -12.8900 0.0600 90.0000
 0 0.01698910 -12.8900 0.0600 90.0000
 0 0.01552050 -12.8900 0.0600 90.0000
 0 0.01674960 -12.8900 0.0600 90.0000
 0 0.01668540 -12.8900 0.0600 90.0000
 0 0.01651580 -12.8900 0.0600 90.0000
 0 0.01587830 -12.8900 0.0600 90.0000
 0 0.01888690 -12.8900 0.0600 90.0000
 0 0.01671730 -12.8900 0.0600 90.0000
 0 0.01458760 -12.8900 0.0600 90.0000
 0 0.01746400 -12.8900 0.0600 90.0000
 0 0.01598250 -12.8900 0.0600 90.0000
 0 0.01678010 -12.8900 0.0600 90.0000
 0 0.01874170 -12.8900 0.0600 90.0000
 0 0.01443290 -12.8900 0.0600 90.0000
 0 0.01926100 -12.8900 0.0600 90.0000
 0 0.01532810 -12.8900 0.0600 90.0000
 0 0.01738040 -12.8900 0.0600 90.0000
 0 0.01659740 -12.8900 0.0600 90.0000
 0 0.01877940 -12.8900 0.0600 90.0000
 0 0.01670500 -12.8900 0.0600 90.0000
 0 0.01764820 -12.8900 0.0600 90.0000
 0 0.01610620 -12.8900 0.0600 90.0000
 0 0.01780880 -12.8900 0.0600 90.0000
 0 0.01618950 -12.8900 0.0600 90.0000
 0 0.01598180 -12.8900 0.0600 90.0000
 0 0.01692200 -12.8900 0.0600 90.0000
 0 0.01705260 -12.8900 0.0600 90.0000
 0 0.01579000 -12.8900 0.0600 90.0000
 0 0.01582390 -12.8900 0.0600 90.0000
 0 0.01528040 -12.8900 0.0600 90.0000
 0 0.01877550 -12.8900 0.0600 90.0000
 0 0.01610620 -12.8900 0.0600 90.0000
 0 0.01665990 -12.8900 0.0600 90.0000
 0 0.01450060 -12.8900 0.0600 90.0000
 0 0.01888200 -12.8900 0.0600 90.0000
 0 0.01513370 -12.8900 0.0600 90.0000
 0 0.01847530 -12.8900 0.0600 90.0000
 0 0.01685640 -12.8900 0.0600 90.0000
 0 0.01464570 -12.8900 0.0600 90.0000
 0 0.01857500 -12.8900 0.0600 90.0000
 0 0.01472000 -12.8900 0.0600 90.0000
 0 0.01814490 -12.8900 0.0600 90.0000
 0 0.01399820 -12.8900 0.0600 90.0000
 0 0.01863510 -12.8900 0.0600 90.0000
 0 0.01700240 -12.8900 0.0600 90.0000
 0 0.01575400 -12.8900 0.0600 90.0000
 0 0.01697860 -12.8900 0.0600 90.0000
 0 0.02078590 -12.8900 0.0600 90.0000
 0 0.01022930 -12.8900 0.0600 90.0000
 0 0.01696630 -12.8900 0.0600 90.0000
 0 0.01676680 -12.8900 0.0600 90.0000
 0 0.01671210 -12.8900 0.0600 90.0000
 0 0.01637650 -12.8900 0.0600 90.0000
 0 0.01677690 -12.8900 0.0600 90.0000
 0 0.01620210 -12.8900 0.0600 90.0000
 0 0.01920860 -12.8900 0.0600 90.0000
 0 0.01849020 -12.8900 0.0600 90.0000
 0 0.01587860 -12.8900 0.0600 90.0000
 0 0.01732550 -12.8900 0.0600 90.0000
 0 0.01691030 -12.8900 0.0600 90.0000
 0 0.01671340 -12.8900 0.0600 90.0000
 0 0.01529910 -12.8900 0.0600 90.0000
 0 0.01651170 -12.8900 0.0600 90.0000
 0 0.01751320 -12.8900 0.0600 90.0000
 0 0.01629830 -12.8900 0.0600 90.0000
 0 0.01669630 -12.8900 0.0600 90.0000
 0 0.01600540 -12.8900 0.0600 90.0000
 0 0.01587390 -12.8900 0.0600 90.0000
 0 0.01656410 -12.8900 0.0600 90.0000
 0 0.01796050 -12.8900 0.0600 90.0000
 0 0.01553340 -12.8900 0.0600 90.0000
 0 0.01667900 -12.8900 0.0600 90.0000
 0 0.01808560 -12.8900 0.0600 90.0000
 0 0.01653520 -12.8900 0.0600 90.0000
 0 0.01544480 -12.8900 0.0600 90.0000
 0 0.01719160 -12.8900 0.0600 90.0000
 0 0.01534260 -12.8900 0.0600 90.0000
 0 0.01751930 -12.8900 0.0600 90.0000
 0 0.01803820 -12.8900 0.0600 90.0000
 0 0.01483240 -12.8900 0.0600 90.0000
 0 0.01854010 -12.8900 0.0600 90.0000
 0 0.01549310 -12.8900 0.0600 90.0000
 0 0.01536090 -12.8900 0.0600 90.0000
 0 0.01790270 -12.8900 0.0600 90.0000
 0 0.01742160 -12.8900 0.0600 90.0000
 0 0.01612760 -12.8900 0.0600 90.0000
 0 0.01628310 -12.8900 0.0600 90.0000
 0 0.01735710 -12.8900 0.0600 90.0000
 0 0.01472720 -12.8900 0.0600 90.0000
 0 0.01824800 -12.8900 0.0600 90.0000
 0 0.01503260 -12.8900 0.0600 90.0000
 0 0.01733620 -12.8900 0.0600 90.0000
 0 0.01584270 -12.8900 0.0600 90.0000
 0 0.01861760 -12.8900 0.0600 90.0000
 0 0.01598470 -12.8900 0.0600 90.0000
 0 0.01716930 -12.8900 0.0600 90.0000
 0 0.01606760 -12.8900 0.0600 90.0000
 0 0.01632120 -12.8900 0.0600 90.0000
 0 0.01574930 -12.8900 0.0600 90.0000
 0 0.01637930 -12.8900 0.0600 90.0000
 0 0.01740970 -12.8900 0.0600 90.0000
 0 0.01692220 -12.8900 0.0600 90.0000
 0 0.01682670 -12.8900 0.0600 90.0000
 0 0.01666330 -12.8900 0.0600 90.0000
 0 0.01606090 -12.8900 0.0600 90.0000
 0 0.02020630 -12.8900 0.0600 90.0000
 0 0.01608280 -12.8900 0.0600 90.0000
 0 0.01824820 -12.8900 0.0600 90.0000
 0 0.01273800 -12.8900 0.0600 90.0000
 0 0.01720990 -12.8900 0.0600 90.0000
 0 0.01727450 -12.8900 0.0600 90.0000
 0 0.01466890 -12.8900 0.0600 90.0000
 0 0.01545390 -12.8900 0.0600 90.0000
 0 0.01806580 -12.8900 0.0600 90.0000
 0 0.01740740 -12.8900 0.0600 90.0000
 0 0.01576490 -12.8900 0.0600 90.0000
 0 0.01702440 -12.8900 0.0600 90.0000
 0 0.01579060 -12.8900 0.0600 90.0000
 0 0.01722350 -12.8900 0.0600 90.0000
 0 0.01635880 -12.8900 0.0600 90.0000
 0 0.01663250 -12.8900 0.0600 90.0000
 0 0.01765450 -12.8900 0.0600 90.0000
 0 0.01737030 -12.8900 0.0600 90.0000
 0 0.01635850 -12.8900 0.0600 90.0000
 0 0.01639440 -12.8900 0.0600 90.0000
 0 0.01638970 -12.8900 0.0600 90.0000
 0 0.01681110 -12.8900 0.0600 90.0000
 0 0.01676130 -12.8900 0.0600 90.0000
 0 0.01693530 -12.8900 0.0600 90.0000
 0 0.01563710 -12.8900 0.0600 90.0000
 0 0.02094440 -12.8900 0.0600 90.0000
 0 0.01219140 -12.8900 0.0600 90.0000
 0 0.01745920 -12.8900 0.0600 90.0000
 0 0.01619210 -12.8900 0.0600 90.0000
 0 0.01621030 -12.8900 0.0600 90.0000
 0 0.01679260 -12.8900 0.0600 90.0000
 0 0.01690530 -12.8900 0.0600 90.0000
 0 0.01671090 -12.8900 0.0600 90.0000
 0 0.01706220 -12.8900 0.0600 90.0000
 0 0.01644550 -12.8900 0.0600 90.0000
 0 0.01678990 -12.8900 0.0600 90.0000
 21 0.02037320 -12.8900 0.0600 90.0000
 0 0.01358490 -12.8900 0.0600 90.0000
 0 0.01907090 -12.8900 0.0600 90.0000
 0 0.01531400 -12.8900 0.0600 90.0000
 0 0.01458450 -12.8900 0.0600 90.0000
 0 0.01933460 -12.8900 0.0600 90.0000
 0 0.01639260 -12.8900 0.0600 90.0000
 0 0.01536630 -12.8900 0.0600 90.0000
 0 0.01748990 -12.8900 0.0600 90.0000
 0 0.01522350 -12.8900 0.0600 90.0000
 0 0.01629630 -12.8900 0.0600 90.0000
 0 0.01855270 -12.8900 0.0600 90.0000
 0 0.01527780 -12.8900 0.0600 90.0000
 0 0.01802230 -12.8900 0.0600 90.0000
 0 0.01714960 -12.8900 0.0600 90.0000
 0 0.01612350 -12.8900 0.0600 90.0000
 0 0.01480180 -12.8900 0.0600 90.0000
 0 0.01631820 -12.8900 0.0600 90.0000
 0 0.01688660 -12.8900 0.0600 90.0000
 0 0.01654200 -12.8900 0.0600 90.0000
 0 0.01645200 -12.8900 0.0600 90.0000
 0 0.01700760 -12.8900 0.0600 90.0000
 0 0.01855500 -12.8900 0.0600 90.0000
 0 0.01543730 -12.8900 0.0600 90.0000
 0 0.02032610 -12.8900 0.0600 90.0000
 0 0.01327720 -12.8900 0.0600 90.0000
 0 0.02124740 -12.8900 0.0600 90.0000
 0 0.01468680 -12.8900 0.0600 90.0000
 0 0.01437340 -12.8900 0.0600 90.0000
 0 0.01573620 -12.8900 0.0600 90.0000
 0 0.01663570 -12.8900 0.0600 90.0000
 0 0.01777190 -12.8900 0.0600 90.0000
 0 0.01537840 -12.8900 0.0600 88.3922
 0 0.02028490 -12.8900 0.0600 86.2715
 0 0.01325860 -12.8240 0.0659 84.8853
 0 0.01858410 -12.7318 0.0773 82.9424
 0 0.01481140 -12.6585 0.0884 81.3939
 0 0.01767870 -12.5716 0.1044 79.5456
 0 0.01842810 -12.4816 0.1242 77.6190
 0 0.01588640 -12.4046 0.1435 75.9582
 0 0.01794520 -12.3183 0.1681 74.0820
 0 0.01334790 -12.2546 0.1879 72.6865
 0 0.01966900 -12.1618 0.2206 70.6302
 0 0.01427020 -12.0951 0.2460 69.1383
 0 0.01874690 -12.0087 0.2823 67.1783
 0 0.01658860 -11.9333 0.3168 65.4440
 0 0.01617610 -11.8607 0.3526 63.7529
 0 0.01615180 -11.7894 0.3904 62.0642
 0 0.01700630 -11.7155 0.4325 60.2863
 0 0.01747760 -11.6410 0.4783 58.4590
 0 0.01453400 -11.5801 0.5179 56.9395
 0 0.01769830 -11.5076 0.5685 55.0892
 0 0.01611750 -11.4429 0.6166 53.4042
 0 0.01649530 -11.3782 0.6677 51.6796
 0 0.01690740 -11.3135 0.7222 49.9120
 0 0.01682830 -11.2508 0.7783 48.1526
 0 0.01608170 -11.1925 0.8337 46.4713
 0 0.01704660 -11.1326 0.8943 44.6891
 0 0.01746390 -11.0732 0.9583 42.8633
 0 0.01646540 -11.0190 1.0203 41.1419
 0 0.01668950 -10.9660 1.0848 39.3971
 0 0.01514630 -10.9196 1.1446 37.8136
 0 0.01718920 -10.8691 1.2141 36.0165
 0 0.01829340 -10.8178 1.2899 34.1039
 0 0.01579760 -10.7754 1.3565 32.4523
 0 0.01737390 -10.7311 1.4312 30.6359
 0 0.01740560 -10.6892 1.5075 28.8162
 0 0.01649530 -10.6516 1.5809 27.0917
 0 0.01476340 -10.6198 1.6475 25.5482
 0 0.01839330 -10.5829 1.7318 23.6252
 0 0.01514450 -10.5545 1.8020 22.0419
 0 0.01717540 -10.5248 1.8825 20.2463
 0 0.01682260 -10.4981 1.9623 18.4875
 0 0.01837100 -10.4719 2.0504 16.5668
 0 0.01475910 -10.4528 2.1216 15.0238
 0 0.01860480 -10.4318 2.2122 13.0787
 0 0.01571020 -10.4162 2.2892 11.4363
 0 0.01649850 -10.4023 2.3705 9.7114
 0 0.01756720 -10.3902 2.4576 7.8748
 0 0.01490580 -10.3820 2.5316 6.3164
 0 0.01808910 -10.3751 2.6218 4.4252
 0 0.01635660 -10.3712 2.7035 2.7152
 0 0.01634960 -10.3697 2.7852 1.0059
 0 0.01527340 -10.3705 2.8616 359.4091
 0 0.01753710 -10.3742 2.9492 357.5756
 0 0.01803950 -10.3810 3.0391 355.6896
 0 0.02163830 -10.3934 3.1466 353.4274
 0 0.00759680 -10.3983 3.1843 352.6332
 0 0.01912110 -10.4138 3.2786 350.6341
 0 0.01667750 -10.4299 3.3605 348.8905
 0 0.01793650 -10.4501 3.4478 347.0153
 0 0.01637710 -10.4708 3.5270 345.3031
 0 0.01676610 -10.4946 3.6074 343.5503
 0 0.01782030 -10.5198 3.6929 343.5503
 0 0.01646720 -10.5198 3.6929 343.5503
 0 0.01402730 -10.5198 3.6929 343.5503
 0 0.01668840 -10.5198 3.6929 343.5503
 0 0.02106710 -10.5198 3.6929 343.5503
 0 0.01651460 -10.5198 3.6929 343.5503
 0 0.01702020 -10.5198 3.6929 343.5503
 0 0.01736030 -10.5198 3.6929 343.5503
 0 0.01558760 -10.5198 3.6929 343.5503
 0 0.01732510 -10.5198 3.6929 343.5503
 0 0.01834700 -10.5198 3.6929 343.5503
 0 0.01492120 -10.5198 3.6929 343.5503
 0 0.01766280 -10.5198 3.6929 343.5503
 0 0.01666390 -10.5198 3.6929 343.5503
 0 0.01595860 -10.5198 3.6929 343.5503
 0 0.01641290 -10.5198 3.6929 343.5503
 0 0.01814240 -10.5198 3.6929 343.5503
 0 0.00981130 -10.5198 3.6929 343.5503
 0 0.01743810 -10.5198 3.6929 343.5503
 0 0.01651520 -10.5198 3.6929 343.5503
 0 0.01524010 -10.5198 3.6929 343.5503
 0 0.01857680 -10.5198 3.6929 343.5503
 0 0.01503540 -10.5198 3.6929 343.5503
 0 0.01654970 -10.5198 3.6929 343.5503
 0 0.01700870 -10.5198 3.6929 343.5503
 0 0.01827370 -10.5198 3.6929 343.5503
 0 0.01605130 -10.5198 3.6929 343.5503
 0 0.01525390 -10.5198 3.6929 343.5503
 0 0.01685500 -10.5198 3.6929 343.5503
 0 0.01665490 -10.5198 3.6929 343.5503
 0 0.01589970 -10.5198 3.6929 343.5503
 0 0.01887250 -10.5198 3.6929 343.5503
 0 0.01519120 -10.5198 3.6929 343.5503
 0 0.01705810 -10.5198 3.6929 343.5503
 0 0.01758380 -10.5198 3.6929 343.5503
 0 0.01552050 -10.5198 3.6929 343.5503
 0 0.01810410 -10.5198 3.6929 343.5503
 0 0.01492130 -10.5198 3.6929 343.5503
 0 0.01916090 -10.5198 3.6929 343.5503
 0 0.01867080 -10.5198 3.6929 343.5503
 0 0.01513250 -10.5198 3.6929 343.5503
 0 0.01449450 -10.5198 3.6929 343.5503
 0 0.01912370 -10.5198 3.6929 343.5503
 0 0.01525790 -10.5198 3.6929 343.5503
 0 0.01647900 -10.5198 3.6929 343.5503
 0 0.01539490 -10.5198 3.6929 343.5503
 0 0.01823450 -10.5198 3.6929 343.5503
 0 0.01497860 -10.5198 3.6929 343.5503
 0 0.01703860 -10.5198 3.6929 343.5503
 0 0.01755830 -10.5198 3.6929 343.5503
 0 0.01532140 -10.5198 3.6929 343.5503
 0 0.01814190 -10.5198 3.6929 343.5503
 0 0.01647740 -10.5198 3.6929 343.5503
 0 0.01969730 -10.5198 3.6929 343.5503
 0 0.01262380 -10.5198 3.6929 343.5503
 0 0.01757930 -10.5198 3.6929 343.5503
 0 0.01664700 -10.5198 3.6929 343.5503
 0 0.01707850 -10.5198 3.6929 343.5503
 0 0.01632750 -10.5198 3.6929 343.5503
 0 0.01683780 -10.5198 3.6929 343.5503
 0 0.01678370 -10.5198 3.6929 343.5503
 0 0.01666420 -10.5198 3.6929 343.5503
 0 0.01517120 -10.5198 3.6929 343.5503
 0 0.01610480 -10.5198 3.6929 345.2340
 0 0.01767030 -10.5198 3.6929 347.0814
 0 0.01756720 -10.5198 3.6929 348.9180
 0 0.01487750 -10.5198 3.6929 350.4734
 0 0.01646520 -10.5198 3.6929 352.1948
 0 0.01828970 -10.5198 3.6929 354.1069
 0 0.01647690 -10.5198 3.6929 355.8295
 0 0.01801900 -10.5198 3.6929 357.7134
 0 0.01451580 -10.5198 3.6929 359.2310
 0 0.01648560 -10.5198 3.6929 0.9545
 0 0.01620500 -10.5198 3.6929 2.6487
 0 0.01841910 -10.5198 3.6929 4.5744
 0 0.01664770 -10.5198 3.6929 6.3149
 0 0.01563250 -10.5198 3.6929 7.9492
 0 0.01670660 -10.5198 3.6929 9.6958
 0 0.01883620 -10.5198 3.6929 11.6651
 0 0.01354020 -10.5198 3.6929 13.0807
 0 0.01815730 -10.5198 3.6929 14.9790
 0 0.01714720 -10.5198 3.6929 16.7717
 0 0.01542710 -10.5198 3.6929 18.3846
 0 0.01641660 -10.5198 3.6929 20.1009
 0 0.01681690 -10.5198 3.6929 21.8591
 0 0.01903810 -10.5198 3.6929 23.8494
 0 0.01601240 -10.5198 3.6929 25.5235
 0 0.01589770 -10.5198 3.6929 27.1856
 0 0.01552910 -10.5198 3.6929 28.8091
 0 0.01666780 -10.5198 3.6929 30.5517
 0 0.01646460 -10.5198 3.6929 32.2730
 0 0.01729680 -10.4713 3.7645 34.0814
 0 0.01666310 -10.4226 3.8321 35.8234
 0 0.01733720 -10.3696 3.9007 37.6360
 0 0.01579240 -10.3214 3.9633 37.6360
 0 0.01643740 -10.2712 4.0283 37.6360
 0 0.01765970 -10.2173 4.0983 37.6360
 0 0.01800380 -10.1623 4.1696 37.6360
 0 0.01518300 -10.1160 4.2297 37.6360
 0 0.01752360 -10.0625 4.2991 37.6360
 0 0.01534040 -10.0156 4.3598 37.6360
 0 0.01670730 -9.9646 4.4260 37.6360
 0 0.01618470 -9.9152 4.4900 37.6360
 0 0.01785020 -9.8607 4.5607 37.6360
 0 0.01561280 -9.8130 4.6225 37.6360
 0 0.01746640 -9.7597 4.6917 37.6360
 0 0.01560130 -9.7121 4.7535 37.6360
 0 0.01684680 -9.6606 4.8202 37.6360
 0 0.01784600 -9.6062 4.8908 37.6360
 0 0.01535920 -9.5593 4.9516 37.6360
 0 0.01628670 -9.5095 5.0161 37.6360
 0 0.01761010 -9.4558 5.0859 37.6360
 0 0.01855470 -9.3967 5.1574 39.5759
 0 0.01910730 -9.3333 5.2288 41.5735
 0 0.01300200 -9.2890 5.2764 42.9328
 0 0.01655110 -9.2308 5.3353 44.6632
 0 0.01599280 -9.2308 5.3353 46.3352
 0 0.01578910 -9.2308 5.3353 47.9859
 0 0.01809740 -9.2308 5.3353 49.8779
 0 0.01582620 -9.2308 5.3353 51.5325
 0 0.01736400 -9.2308 5.3353 53.3479
 0 0.01641090 -9.2308 5.3353 55.0636
 0 0.01719850 -9.2308 5.3353 56.8617
 0 0.01525600 -9.2308 5.3353 58.4567
 0 0.01954260 -9.2308 5.3353 60.4998
 0 0.01447590 -9.2308 5.3353 62.0132
 0 0.01693050 -9.2308 5.3353 63.7833
 0 0.01822480 -9.2308 5.3353 65.6886
 0 0.01649870 -9.2308 5.3353 67.4135
 0 0.01464640 -9.2308 5.3353 68.9448
 0 0.01700660 -9.2308 5.3353 70.7228
 0 0.01692200 -9.2308 5.3353 72.4919
 0 0.01603480 -9.2308 5.3353 74.1683
 0 0.01700700 -9.2308 5.3353 75.9464
 0 0.01640090 -9.1507 5.3528 77.6610
 0 0.01618840 -9.0712 5.3678 79.3535
 0 0.01806920 -8.9819 5.3815 81.2426
 0 0.01630810 -8.9009 5.3915 82.9476
 0 0.01657150 -8.8184 5.3992 84.6801
 0 0.01817470 -8.7277 5.4046 86.5802
 0 0.01529950 -8.6513 5.4071 88.1797
 0 0.01578400 -8.5724 5.4073 89.8299
 0 0.01805090 -8.5520 5.4046 91.7171
 0 0.01568960 -8.5519 5.4000 93.3574
 0 0.01894420 -8.5517 5.3912 95.3380
 0 0.01428490 -8.5514 5.3827 96.8314
 0 0.01630430 -8.5511 5.3706 98.5360
 0 0.01709410 -8.5511 5.3706 100.3231
 0 0.01696670 -8.5511 5.3706 102.0970
 0 0.01640330 -8.5511 5.3706 103.8119
 0 0.01843320 -8.5511 5.3706 103.8119
 0 0.01765570 -8.5511 5.3706 103.8119
 0 0.01573980 -8.5511 5.3706 103.8119
 0 0.01740460 -8.5511 5.3706 103.8119
 0 0.01485520 -8.5511 5.3706 103.8119
 0 0.01811730 -8.5511 5.3706 103.8119
 0 0.01393040 -8.5511 5.3706 103.8119
 0 0.01706510 -8.5511 5.3706 103.8119
 0 0.01644150 -8.5511 5.3706 103.8119
 0 0.01920440 -8.5511 5.3706 103.8119
 0 0.01435810 -8.5511 5.3706 103.8119
 0 0.02113810 -8.5511 5.3706 103.8119
 0 0.01602760 -8.5511 5.3706 103.8119
 0 0.01831140 -8.5511 5.3706 103.8119
 0 0.01695980 -8.5511 5.3706 103.8119
 0 0.01721770 -8.5511 5.3706 103.8119
 0 0.01608720 -8.5511 5.3706 103.8119
 0 0.01663800 -8.5511 5.3706 103.8119
 0 0.01705000 -8.5511 5.3706 103.8119
 0 0.01785540 -8.6378 5.3919 103.8119
 0 0.01689710 -8.7199 5.4121 103.8119
 0 0.01477480 -8.7916 5.4297 103.8119
 0 0.01762360 -8.8772 5.4508 103.8119
 0 0.01314220 -8.9410 5.4665 103.8119
 0 0.01634650 -9.0203 5.4860 103.8119
 0 0.01658890 -9.1009 5.5058 103.8119
 0 0.01658340 -9.1009 5.5058 103.8119
 0 0.01493150 -9.1009 5.5058 103.8119
 0 0.01806460 -9.1009 5.5058 103.8119
 0 0.01575120 -9.1009 5.5058 103.8119
 0 0.01819540 -9.1009 5.5058 103.8119
 0 0.01715990 -9.1009 5.5058 103.8119
 0 0.01378970 -9.1009 5.5058 103.8119
 0 0.01663240 -9.1009 5.5058 103.8119
 0 0.01973630 -9.1009 5.5058 103.8119
 0 0.01646780 -9.1009 5.5058 103.8119
 0 0.01702100 -9.1009 5.5058 103.8119
 0 0.01488110 -9.1009 5.5058 103.8119
 0 0.01739930 -9.1009 5.5058 103.8119
 0 0.01632300 -9.1009 5.5058 103.8119
 0 0.01473590 -9.1009 5.5058 103.8119
 0 0.01944850 -9.1009 5.5058 103.8119
 0 0.01558060 -9.1009 5.5058 103.8119
 0 0.01837320 -9.1009 5.5058 103.8119
 0 0.01471290 -9.1009 5.5058 103.8119
 0 0.01796870 -9.1009 5.5058 103.8119
 0 0.01754210 -9.1009 5.5058 103.8119
 0 0.01642070 -9.1009 5.5058 103.8119
 0 0.01635500 -9.1009 5.5058 103.8119
 0 0.01525010 -9.1009 5.5058 103.8119
 0 0.01837710 -9.1009 5.5058 103.8119
 0 0.01373020 -9.1009 5.5058 103.8119
 0 0.01852720 -9.1009 5.5058 103.8119
 0 0.01673010 -9.1009 5.5058 103.8119
 0 0.01516740 -9.1009 5.5058 103.8119
 0 0.01534050 -9.1009 5.5058 103.8119
 0 0.01935420 -9.1009 5.5058 103.8119
 0 0.01615410 -9.1009 5.5058 103.8119
 0 0.01709730 -9.1009 5.5058 103.8119
 0 0.01689580 -9.1009 5.5058 103.8119
 0 0.01583880 -9.1009 5.5058 103.8119
 0 0.01765060 -9.1009 5.5058 103.8119
 0 0.01621270 -9.1009 5.5058 103.8119
 0 0.01591170 -9.1009 5.5058 103.8119
 0 0.01468150 -9.1009 5.5058 103.8119
 0 0.01946410 -9.1009 5.5058 103.8119
 0 0.01661740 -9.1009 5.5058 103.8119
 0 0.01638980 -9.1009 5.5058 103.8119
 0 0.01667220 -9.1009 5.5058 103.8119
 0 0.01720890 -9.1009 5.5058 103.8119
 0 0.01632920 -9.1009 5.5058 103.8119
 0 0.01693980 -9.1009 5.5058 103.8119
 0 0.01653290 -9.1009 5.5058 103.8119
 0 0.01732770 -9.1009 5.5058 103.8119
 0 0.01676930 -9.1009 5.5058 103.8119
 0 0.01464450 -9.1009 5.5058 103.8119
 0 0.01608140 -9.1009 5.5058 103.8119
 0 0.01559880 -9.1009 5.5058 103.8119
 0 0.01779360 -9.1009 5.5058 103.8119
 0 0.01808150 -9.1009 5.5058 103.8119
 0 0.01478140 -9.1009 5.5058 103.8119
 0 0.01717190 -9.1009 5.5058 103.8119
 0 0.01786550 -9.1009 5.5058 103.8119
 0 0.01525410 -9.1009 5.5058 103.8119
 0 0.01882710 -9.1009 5.5058 103.8119
 0 0.01660190 -9.1009 5.5058 103.8119
 0 0.01364490 -9.1009 5.5058 103.8119
 0 0.01851790 -9.1009 5.5058 103.8119
 0 0.01510790 -9.1009 5.5058 103.8119
 0 0.01912780 -9.1009 5.5058 103.8119
 0 0.01388880 -9.1009 5.5058 103.8119
 0 0.01745880 -9.1009 5.5058 103.8119
 0 0.01804230 -9.1009 5.5058 103.8119
 0 0.01525670 -9.1009 5.5058 103.8119
 0 0.01790720 -9.1009 5.5058 103.8119
 0 0.01885660 -9.1009 5.5058 103.8119
 0 0.01497820 -9.1009 5.5058 103.8119
 0 0.01664320 -9.1009 5.5058 103.8119
 0 0.01438940 -9.1009 5.5058 103.8119
 0 0.01872010 -9.1009 5.5058 103.8119
 0 0.01679130 -9.1009 5.5058 103.8119
 0 0.01651010 -9.1009 5.5058 103.8119
 0 0.01677050 -9.1009 5.5058 103.8119
 0 0.01600150 -9.1009 5.5058 103.8119
 0 0.01618840 -9.1009 5.5058 103.8119
 0 0.01669190 -9.1009 5.5058 103.8119
 0 0.01670160 -9.1009 5.5058 103.8119
 0 0.01636530 -9.1009 5.5058 103.8119
 0 0.01693000 -9.1009 5.5058 103.8119
 0 0.01607210 -9.1009 5.5058 103.8119
 0 0.01691860 -9.1009 5.5058 103.8119
 0 0.01708540 -9.1009 5.5058 103.8119
 0 0.01787230 -9.1009 5.5058 103.8119
 0 0.01678860 -9.1009 5.5058 103.8119
 0 0.02043160 -9.1009 5.5058 103.8119
 0 0.01278930 -9.1009 5.5058 103.8119
 0 0.01514970 -9.1009 5.5058 103.8119
 0 0.01849720 -9.1009 5.5058 103.8119
 0 0.01657040 -9.1009 5.5058 103.8119
 0 0.01266790 -9.1009 5.5058 103.8119
 0 0.01928940 -9.1009 5.5058 103.8119
 0 0.01501080 -9.1009 5.5058 103.8119
 0 0.01817520 -9.1009 5.5058 103.8119
 0 0.01674090 -9.1009 5.5058 103.8119
 0 0.01667420 -9.1009 5.5058 103.8119
 0 0.01627960 -9.1009 5.5058 103.8119
 0 0.01854390 -9.1009 5.5058 103.8119
 0 0.01677380 -9.1009 5.5058 103.8119
 0 0.01631000 -9.1009 5.5058 103.8119
 0 0.01687110 -9.1009 5.5058 103.8119
 0 0.01657900 -9.1009 5.5058 103.8119
 0 0.01475870 -9.1009 5.5058 103.8119
 0 0.01865980 -9.1009 5.5058 103.8119
 0 0.01663490 -9.1009 5.5058 103.8119
 0 0.01533810 -9.1009 5.5058 103.8119
 0 0.01747950 -9.1009 5.5058 103.8119
 0 0.01552010 -9.1009 5.5058 105.4345
 0 0.01716520 -9.1009 5.5058 107.2290
 0 0.01594020 -9.1009 5.5058 108.8956
 0 0.01857990 -9.1009 5.5058 110.8380
 0 0.01719650 -9.1009 5.5058 112.6359
 0 0.01452860 -9.1009 5.5058 112.6359
 0 0.01652560 -9.1009 5.5058 112.6359
 0 0.02305860 -9.1009 5.5058 110.2252
 0 0.01225070 -9.1009 5.5058 108.9444
 0 0.01648220 -9.1009 5.5058 107.2212
 0 0.01513350 -9.1009 5.5058 105.6390
 0 0.01965970 -9.1009 5.5058 105.6390
 0 0.01337920 -9.1009 5.5058 105.6390
 0 0.01645470 -9.1009 5.5058 105.6390
 0 0.01755560 -9.1009 5.5058 105.6390
 0 0.01771050 -9.1009 5.5058 105.6390
 0 0.01722440 -9.1009 5.5058 105.6390
 0 0.01638340 -9.1009 5.5058 105.6390
 0 0.01668510 -9.1009 5.5058 105.6390
 0 0.01645100 -9.1009 5.5058 105.6390
 0 0.01673920 -9.1009 5.5058 105.6390
 0 0.01500590 -9.1009 5.5058 105.6390
 0 0.01850880 -9.1009 5.5058 105.6390
 0 0.01635140 -9.1009 5.5058 105.6390
 0 0.01679250 -9.1009 5.5058 105.6390
 0 0.01672480 -9.1009 5.5058 105.6390
 0 0.01606540 -9.1009 5.5058 105.6390
 0 0.01751450 -9.1009 5.5058 103.8079
 0 0.01731370 -9.1009 5.5058 101.9978
 0 0.01521510 -9.1009 5.5058 100.4071
 0 0.01691020 -9.1009 5.5058 98.6392
 0 0.01745740 -9.1009 5.5058 96.8141
 0 0.01718210 -9.1009 5.5058 95.0177
 0 0.01765910 -9.1009 5.5058 93.1715
 0 0.01284100 -9.1009 5.5058 91.8290
 0 0.02025000 -9.1009 5.5058 89.7119
 0 0.01671450 -9.1009 5.5058 87.9645
 0 0.01301390 -9.1009 5.5058 87.9645
 0 0.01883080 -9.1009 5.5058 87.9645
 0 0.01630000 -9.1009 5.5058 87.9645
 0 0.01695900 -9.1009 5.5058 87.9645
 0 0.01695210 -9.1009 5.5058 87.9645
 0 0.01718740 -9.1009 5.5058 89.7614
 0 0.01617540 -9.1009 5.5058 91.4525
 0 0.01585220 -9.1009 5.5058 93.1098
 0 0.01756120 -9.1009 5.5058 94.9458
 0 0.01612880 -9.1009 5.5058 96.6320
 0 0.01563800 -9.1009 5.5058 98.2669
 0 0.01842750 -9.1009 5.5058 100.1935
 0 0.01529090 -9.1009 5.5058 101.7921
 0 0.01811070 -9.1009 5.5058 103.6855
 0 0.01519570 -9.1009 5.5058 103.6855
 0 0.01564600 -9.1009 5.5058 103.6855
 0 0.01708250 -9.1009 5.5058 103.6855
 0 0.01611490 -9.1009 5.5058 103.6855
 0 0.01810050 -9.1009 5.5058 103.6855
 0 0.01727240 -9.1009 5.5058 103.6855
 0 0.01498790 -9.1009 5.5058 103.6855
 0 0.01738030 -9.1009 5.5058 103.6855
 0 0.01752050 -9.1009 5.5058 103.6855
 0 0.01653810 -9.1009 5.5058 103.6855
 0 0.01646870 -9.1009 5.5058 103.6855
 0 0.01679330 -9.1009 5.5058 103.6855
 0 0.01693380 -9.1009 5.5058 103.6855
 0 0.01653110 -9.1009 5.5058 103.6855
 0 0.01784050 -9.1009 5.5058 103.6855
 0 0.01613230 -9.1009 5.5058 103.6855
 0 0.01899650 -9.1009 5.5058 103.6855
 0 0.01372470 -9.1009 5.5058 103.6855
 0 0.01686390 -9.1009 5.5058 103.6855
 0 0.01635110 -9.1009 5.5058 103.6855
 0 0.01761200 -9.1009 5.5058 103.6855
 0 0.01585040 -9.1009 5.5058 103.6855
 0 0.01683230 -9.1009 5.5058 101.9258
 0 0.01643790 -9.1009 5.5058 100.2072
 0 0.01484100 -9.1009 5.5058 98.6556
 0 0.01816310 -9.1009 5.5058 96.7567
 0 0.01820190 -9.1009 5.5058 94.8537
 0 0.01547300 -9.1009 5.5058 93.2361
 0 0.01578120 -9.1009 5.5058 91.5862
 0 0.01713180 -9.1009 5.5058 89.7951
 0 0.01687770 -9.1009 5.5058 88.0306
 0 0.01759520 -9.1009 5.5058 88.0306
 0 0.01583480 -9.1009 5.5058 88.0306
 0 0.01637550 -9.1009 5.5058 88.0306
 0 0.01721450 -9.1009 5.5058 88.0306
 0 0.01634170 -9.1009 5.5058 88.0306
 0 0.01712380 -9.1009 5.5058 88.0306
 0 0.01647520 -9.1009 5.5058 88.0306
 0 0.01630170 -9.1009 5.5058 88.0306
 0 0.01699860 -9.1009 5.5058 88.0306
 0 0.01662540 -9.1009 5.5058 88.0306
 0 0.01665310 -9.1009 5.5058 88.0306
 0 0.01666500 -9.1009 5.5058 88.0306
 0 0.01775980 -9.1009 5.5058 88.0306
 0 0.01523240 -9.1009 5.5058 88.0306
 0 0.01695780 -9.1009 5.5058 88.0306
 0 0.01644490 -9.1009 5.5058 88.0306
 0 0.01758040 -9.1009 5.5058 88.0306
 0 0.01569210 -9.1009 5.5058 88.0306
 0 0.01666850 -9.1009 5.5058 88.0306
 0 0.01696910 -9.1009 5.5058 88.0306
 0 0.01627980 -9.1009 5.5058 88.0306
 0 0.01675540 -9.1009 5.5058 88.0306
 0 0.01769480 -9.1009 5.5058 88.0306
 0 0.01602480 -9.1009 5.5058 88.0306
 0 0.01807660 -9.1912 5.5027 88.0306
 0 0.01603330 -9.2713 5.4999 88.0306
 0 0.01464350 -9.3445 5.4974 88.0306
 0 0.01657770 -9.4273 5.4945 88.0306
 0 0.01734960 -9.5140 5.4916 88.0306
 0 0.01663010 -9.5971 5.4887 88.0306
 0 0.01755180 -9.6849 5.4857 88.0306
 0 0.01559120 -9.7628 5.4830 88.0306
 0 0.01676980 -9.8466 5.4801 88.0306
 0 0.01756130 -9.9343 5.4771 88.0306
 0 0.01644700 -10.0165 5.4743 88.0306
 0 0.01604540 -10.0967 5.4715 88.0306
 0 0.01754380 -10.1844 5.4685 88.0306
 0 0.01639890 -10.2663 5.4657 88.0306
 0 0.01657260 -10.3491 5.4628 88.0306
 0 0.01639510 -10.4310 5.4600 88.0306
 0 0.01713210 -10.5167 5.4571 88.0306
 0 0.01490880 -10.5912 5.4545 88.0306
 0 0.01882340 -10.6852 5.4513 88.0306
 0 0.01612670 -10.7658 5.4485 88.0306
 0 0.01646780 -10.8481 5.4457 88.0306
 0 0.01806350 -10.9384 5.4426 88.0306
 0 0.01675640 -11.0221 5.4397 88.0306
 0 0.01423430 -11.0932 5.4373 88.0306
 0 0.01737990 -11.1801 5.4343 88.0306
 0 0.01590960 -11.2596 5.4315 88.0306
 0 0.01853260 -11.3522 5.4284 88.0306
 0 0.01648270 -11.4345 5.4255 88.0306
 0 0.01705550 -11.5198 5.4226 88.0306
 0 0.01537440 -11.5966 5.4199 88.0306
 0 0.01680360 -11.6806 5.4171 88.0306
 0 0.01591630 -11.7601 5.4143 88.0306
 0 0.01819530 -11.8510 5.4112 88.0306
 0 0.01612220 -11.9316 5.4084 88.0306
 0 0.01744060 -12.0187 5.4054 88.0306
 0 0.01611720 -12.0993 5.4027 88.0306
 0 0.01705840 -12.1845 5.3997 88.0306
 0 0.01478540 -12.2584 5.3972 88.0306
 0 0.01581450 -12.3374 5.3945 88.0306
 0 0.01674330 -12.4211 5.3916 88.0306
 0 0.01684970 -12.5053 5.3887 88.0306
 0 0.01737510 -12.5921 5.3857 88.0306
 0 0.01621590 -12.6731 5.3829 88.0306
 0 0.01644080 -12.7553 5.3801 88.0306
 0 0.01658810 -12.8382 5.3773 88.0306
 0 0.01652740 -12.9208 5.3744 88.0306
 0 0.01644320 -13.0029 5.3716 88.0306
 0 0.01949370 -13.1004 5.3682 88.0306
 0 0.01415080 -13.1711 5.3658 88.0306
 0 0.01685350 -13.2553 5.3655 89.7926
 0 0.01841010 -13.3473 5.3683 91.7173
 0 0.01656530 -13.4300 5.3732 93.4492
 0 0.01677200 -13.5135 5.3808 95.2026
 0 0.01435720 -13.5848 5.3892 96.7037
 0 0.01941560 -13.6808 5.4040 98.7335
 0 0.01485680 -13.7539 5.4172 100.2867
 0 0.01596190 -13.8320 5.4338 101.9555
 0 0.01701250 -13.9146 5.4540 103.7341
 0 0.01902910 -13.9730 5.4797 105.7236
 0 0.01414200 -13.9736 5.5007 107.2021
 0 0.01667790 -13.9743 5.5277 108.9457
 0 0.01897430 -13.9753 5.5616 110.9295
 0 0.01423580 -13.9761 5.5888 112.4178
 0 0.01651200 -13.9770 5.6225 114.1441
 0 0.01931720 -13.9782 5.6651 116.1636
 0 0.01509860 -13.9792 5.7003 117.7421
 0 0.01672610 -13.9792 5.7003 117.7421
 0 0.01665930 -13.9792 5.7003 117.7421
 0 0.01664240 -13.9792 5.7003 117.7421
 0 0.01653240 -13.9792 5.7003 117.7421
 0 0.01787930 -13.9792 5.7003 117.7421
 0 0.01549230 -13.9792 5.7003 117.7421
 0 0.01698000 -13.9792 5.7003 117.7421
 0 0.01754730 -13.9792 5.7003 117.7421
 0 0.01545570 -13.9792 5.7003 117.7421
 0 0.01758490 -13.9792 5.7003 117.7421
 0 0.01705210 -13.9792 5.7003 115.9594
 0 0.01631450 -13.9792 5.7003 114.2537
 0 0.01657040 -13.9792 5.7003 112.5213
 0 0.01594850 -13.9792 5.7003 110.8540
 0 0.01708780 -13.9792 5.7003 109.0675
 0 0.01500100 -13.9792 5.7003 107.4992
 0 0.01749770 -13.9792 5.7003 105.6698
 0 0.01818650 -13.9792 5.7003 103.7685
 0 0.01607130 -13.9792 5.7003 102.0882
 0 0.01662730 -13.9792 5.7003 100.3499
 0 0.01606090 -13.9792 5.7003 100.3499
 0 0.01706760 -13.9792 5.7003 100.3499
 0 0.01730640 -13.9792 5.7003 100.3499
 0 0.01676520 -13.9792 5.7003 100.3499
 0 0.01540060 -13.9792 5.7003 100.3499
 0 0.01644170 -13.9792 5.7003 100.3499
 0 0.01737710 -13.9792 5.7003 100.3499
 0 0.01576860 -13.9016 5.6861 100.3499
 0 0.01861380 -13.8101 5.6694 100.3499
 0 0.01616770 -13.7306 5.6549 100.3499
 0 0.01858430 -13.6392 5.6382 100.3499
 0 0.01637230 -13.5586 5.6235 100.3499
 0 0.01352260 -13.4921 5.6113 100.3499
 0 0.01775370 -13.4048 5.5954 100.3499
 0 0.01771280 -13.3177 5.5794 100.3499
 0 0.01656960 -13.2362 5.5646 100.3499
 0 0.01540040 -13.1604 5.5507 100.3499
 0 0.01807150 -13.0715 5.5345 100.3499
 0 0.01669580 -12.9894 5.5195 100.3499
 0 0.01517830 -12.9148 5.5059 100.3499
 0 0.01828530 -12.8248 5.4894 100.3499
 0 0.01800790 -12.7362 5.4733 100.3499
 0 0.01628210 -12.6562 5.4586 100.3499
 0 0.01454630 -12.5846 5.4456 100.3499
 0 0.01610090 -12.5054 5.4311 100.3499
 0 0.01668710 -12.4233 5.4161 100.3499
 0 0.01623500 -12.3435 5.4015 100.3499
 0 0.01539960 -12.2677 5.3877 100.3499
 0 0.01841470 -12.1772 5.3712 100.3499
 0 0.01639160 -12.0965 5.3564 100.3499
 0 0.01702480 -12.0128 5.3411 100.3499
 0 0.01663180 -11.9310 5.3262 100.3499
 0 0.01657360 -11.8495 5.3113 100.3499
 0 0.01914990 -11.7553 5.2941 100.3499
 0 0.01657060 -11.6738 5.2792 100.3499
 0 0.01464170 -11.6018 5.2661 100.3499
 0 0.01644230 -11.5209 5.2513 100.3499
 0 0.01681340 -11.4382 5.2362 100.3499
 0 0.01650750 -11.3575 5.2189 102.0757
 0 0.01878650 -11.2663 5.1961 104.0398
 0 0.01556930 -11.1914 5.1751 105.6675
 0 0.01592220 -11.1147 5.1536 105.6675
 0 0.01866200 -11.0249 5.1284 105.6675
 0 0.01502690 -10.9525 5.1081 105.6675
 0 0.01590030 -10.8760 5.0867 105.6675
 0 0.01806060 -10.7891 5.0623 105.6675
 0 0.01616080 -10.7113 5.0405 105.6675
 0 0.01531190 -10.6375 5.0198 105.6675
 0 0.01804010 -10.5507 4.9954 105.6675
 0 0.01758100 -10.4660 4.9717 105.6675
 0 0.01453920 -10.3961 4.9520 105.6675
 0 0.01818890 -10.3077 4.9304 103.7659
 0 0.01493150 -10.2348 4.9146 102.2049
 0 0.01853240 -10.1436 4.8981 100.2673
 0 0.01618040 -10.0636 4.8860 98.5757
 0 0.02071260 -9.9607 4.8745 96.4103
 0 0.01133090 -9.9042 4.8693 95.2257
 0 0.01842850 -9.8122 4.8640 93.2990
 0 0.01507520 -9.7369 4.8618 91.7229
 0 0.01847330 -9.7369 4.8618 89.7916
 0 0.01557440 -9.7369 4.8618 88.1633
 0 0.01801270 -9.7369 4.8618 86.2801
 0 0.01435530 -9.7369 4.8618 84.7793
 0 0.01898760 -9.7369 4.8618 82.7942
 0 0.01399080 -9.7369 4.8618 81.3315
 0 0.01858980 -9.7369 4.8618 79.3880
 0 0.01582520 -9.7369 4.8618 77.7335
 0 0.01757940 -9.7369 4.8618 75.8956
 0 0.01786020 -9.7369 4.8618 75.8956
 0 0.01559010 -9.7369 4.8618 75.8956
 0 0.01536490 -9.7369 4.8618 75.8956
 0 0.01811000 -9.7369 4.8618 75.8956
 0 0.01605740 -9.7369 4.8618 75.8956
 0 0.01567530 -9.7369 4.8618 75.8956
 0 0.01719510 -9.7369 4.8618 75.8956
 0 0.01698850 -9.7369 4.8618 75.8956
 0 0.01726960 -9.7369 4.8618 75.8956
 0 0.01645760 -9.7369 4.8618 75.8956
 0 0.01800580 -9.7369 4.8618 75.8956
 0 0.01553550 -9.7369 4.8618 75.8956
 0 0.01677660 -9.7369 4.8618 77.6496
 0 0.01636960 -9.7369 4.8618 79.3610
 0 0.01575600 -9.7369 4.8618 81.0083
 0 0.01616150 -9.7369 4.8618 82.6979
 0 0.01895110 -9.6426 4.8705 84.6792
 0 0.01620570 -9.5617 4.8757 86.3734
 0 0.01612960 -9.4811 4.8784 88.0598
 0 0.01626870 -9.3997 4.8787 89.7606
 0 0.01658820 -9.3168 4.8791 89.7606
 0 0.01972240 -9.2182 4.8795 89.7606
 0 0.01336150 -9.1514 4.8798 89.7606
 0 0.01810760 -9.1514 4.8798 89.7606
 0 0.01649180 -9.1514 4.8798 89.7606
 0 0.01643560 -9.1514 4.8798 89.7606
 0 0.01646990 -9.1514 4.8798 89.7606
 0 0.01665300 -9.1514 4.8798 89.7606
 0 0.01637970 -9.1514 4.8798 89.7606
 0 0.01591440 -9.1514 4.8798 89.7606
 0 0.01826980 -9.1514 4.8798 89.7606
 0 0.01509240 -9.1514 4.8798 89.7606
 0 0.01807990 -9.1514 4.8798 89.7606
 0 0.01315450 -9.1514 4.8798 89.7606
 0 0.01698760 -9.1514 4.8798 89.7606
 0 0.01778890 -9.1514 4.8798 89.7606
 0 0.01651470 -9.1514 4.8798 89.7606
 0 0.01807300 -9.1514 4.8798 87.8711
 0 0.01718820 -9.1514 4.8798 86.0741
 0 0.01698500 -9.1514 4.8798 84.2984
 0 0.01550490 -9.0745 4.8897 82.6774
 0 0.01667410 -8.9918 4.9003 82.6774
 0 0.01745310 -8.9053 4.9114 82.6774
 0 0.01710540 -8.8204 4.9223 82.6774
 0 0.01628650 -8.7397 4.9327 82.6774
 0 0.01655310 -8.6576 4.9432 82.6774
 0 0.01668860 -8.5748 4.9539 82.6774
 0 0.01699760 -8.5748 4.9539 82.6774
 0 0.01602800 -8.5748 4.9539 82.6774
 0 0.01651500 -8.5748 4.9539 82.6774
 0 0.01718790 -8.5748 4.9539 82.6774
 0 0.01843100 -8.5748 4.9539 82.6774
 0 0.01476540 -8.5748 4.9539 82.6774
 0 0.01554070 -8.5748 4.9539 82.6774
 0 0.01816540 -8.5748 4.9539 82.6774
 0 0.01670510 -8.5748 4.9539 82.6774
 0 0.01628190 -8.5748 4.9539 82.6774
 0 0.01679270 -8.5748 4.9539 82.6774
 0 0.01644470 -8.5748 4.9539 82.6774
 0 0.01734830 -8.5513 4.9649 82.6774
 0 0.01562550 -8.5513 4.9749 82.6774
 0 0.01488980 -8.5513 4.9844 82.6774
 0 0.01898830 -8.5513 4.9965 82.6774
 31 0.01702000 -8.5513 5.0073 82.6774
 0 0.02682090 -8.5513 5.0073 82.6774
 0 0.00677940 -8.5513 5.0073 82.6774
 0 0.01579660 -8.5513 5.0073 82.6774
 0 0.01690220 -8.5513 5.0073 82.6774
 0 0.01611940 -8.5513 5.0073 82.6774
 0 0.01514830 -8.5513 5.0073 82.6774
 0 0.01810900 -8.5513 5.0073 82.6774
 0 0.01689740 -8.5513 5.0073 82.6774
 0 0.01724670 -8.5513 5.0073 82.6774
 0 0.01710430 -8.5513 5.0073 82.6774
 0 0.01658790 -8.5513 5.0073 82.6774
 0 0.01633280 -8.5513 5.0073 82.6774
 0 0.01757410 -8.5513 5.0073 82.6774
 0 0.01994380 -8.5513 5.0073 82.6774
 0 0.01282070 -8.5513 5.0073 82.6774
 0 0.01297360 -8.5513 5.0073 82.6774
 0 0.01818020 -8.5513 5.0073 82.6774
 0 0.01699350 -8.5513 5.0073 82.6774
 0 0.01649130 -8.5513 5.0073 82.6774
 0 0.01646750 -8.5513 5.0073 82.6774
 0 0.01646390 -8.5513 5.0073 82.6774
 0 0.01735500 -8.5513 5.0073 82.6774
 0 0.02018020 -8.5513 5.0073 82.6774
 0 0.01844150 -8.5513 5.0073 82.6774
 0 0.01768520 -8.5513 5.0073 82.6774
 0 0.01378780 -8.5513 5.0073 82.6774
 0 0.01789220 -8.5513 5.0073 82.6774
 0 0.01712990 -8.5513 5.0073 82.6774
 0 0.01503980 -8.5513 5.0073 82.6774
 0 0.01667260 -8.5513 5.0073 82.6774
 0 0.01687520 -8.5513 5.0073 82.6774
 0 0.01655330 -8.5513 5.0073 82.6774
 0 0.01834760 -8.5513 5.0073 82.6774
 0 0.01680960 -8.5513 5.0073 82.6774
 0 0.01181690 -8.5513 5.0073 82.6774
 0 0.01476480 -8.5513 5.0073 82.6774
 0 0.01773370 -8.5513 5.0073 82.6774
 0 0.01767730 -8.5513 5.0073 82.6774
 0 0.01709050 -8.5513 5.0073 82.6774
 0 0.01642840 -8.5513 5.0073 82.6774
 0 0.01556710 -8.5513 5.0073 82.6774
 0 0.01675020 -8.5513 5.0073 82.6774
 0 0.01773260 -8.5513 5.0073 82.6774
 0 0.01575250 -8.5513 5.0073 82.6774
 0 0.01797930 -8.5513 5.0073 82.6774
 0 0.01513240 -8.5513 5.0073 82.6774
 0 0.01790340 -8.5513 5.0073 82.6774
 0 0.01449820 -8.5513 5.0073 82.6774
 0 0.01831510 -8.5513 5.0073 82.6774
 0 0.01713110 -8.5513 5.0073 82.6774
 0 0.01592130 -8.5513 5.0073 82.6774
 0 0.01562290 -8.5513 5.0073 82.6774
 0 0.01830100 -8.5513 5.0073 82.6774
 0 0.01661680 -8.5513 5.0073 82.6774
 0 0.01601140 -8.5513 5.0073 82.6774
 0 0.01824200 -8.5513 5.0073 82.6774
 0 0.01528440 -8.5513 5.0073 82.6774
 0 0.01626940 -8.5513 5.0073 82.6774
 0 0.01765640 -8.5513 5.0073 82.6774
 0 0.01571290 -8.5513 5.0073 82.6774
 0 0.01809160 -8.5513 5.0073 82.6774
