Version: Taxi Continuous/Discontinuous v4.1.9723.39829
TriggerVersion: v4
TaskType: Discontinuous
MazeName: DTL Cam
NumberOfTrials: 10
PosterLocations: 
name: Poster
posterPosition: (-7.567, 1.5, 4.975)
CompletionWindow: 60000
TimeoutDuration: 3000
IntersessionInterval: 1000
RewardTime: 1000
RewardViewCriteria: 45
RotationSpeed: 104.5476
MovementSpeed: 5
JoystickDeadzone: 0
AngleRestrictionAmount: 0
RequiredDistance: 1
ProximityDistance: 1
DirectionErrorDistance: 0.5
isJoystickEnabled: False
isReverseEnabled: True
isForwardEnabled: True
isRightEnabled: True
isLeftEnabled: True
isYInverted: False
isXInverted: False
RestartOnTrialFail: True
ResetPositionOnTrial: True
FaceRandomDirectionOnStart: False
MultipleWaypoints: False
DisableInterSessionBlackout: True
ResetPositionOnSession: False
EnableDirectionError: False
DisableHint: False
EnableRewardAreaError: False
RewardAreaErrorTime: -1
--- Start of Dataset --- 

 0 0.01557590 -8.5168 5.2164 116.7932
 0 0.01547480 -8.5168 5.2164 116.7932
 0 0.01811210 -8.5168 5.2164 116.7932
 0 0.01665680 -8.5168 5.2164 116.7932
 84 0.01665680 -12.8900 0.0600 90.0000
 0 0.01665680 -12.8900 0.0600 90.0000
 0 0.02000000 -12.8900 0.0600 90.0000
 0 0.01229110 -12.8900 0.0600 90.0000
 0 0.01776090 -12.8900 0.0600 90.0000
 0 0.01629270 -12.8900 0.0600 90.0000
 0 0.01777740 -12.8900 0.0600 90.0000
 0 0.01680960 -12.8900 0.0600 90.0000
 0 0.01655490 -12.8900 0.0600 90.0000
 0 0.01735950 -12.8900 0.0600 90.0000
 0 0.01685690 -12.8900 0.0600 90.0000
 0 0.01624620 -12.8900 0.0600 90.0000
 0 0.01717290 -12.8900 0.0600 90.0000
 0 0.01503230 -12.8900 0.0600 90.0000
 0 0.01679500 -12.8900 0.0600 90.0000
 0 0.01764920 -12.8900 0.0600 90.0000
 0 0.01269090 -12.8900 0.0600 90.0000
 0 0.01684730 -12.8900 0.0600 90.0000
 0 0.01863510 -12.8900 0.0600 90.0000
 0 0.01717500 -12.8900 0.0600 90.0000
 0 0.01631380 -12.8900 0.0600 90.0000
 0 0.01697080 -12.8900 0.0600 90.0000
 0 0.01688420 -12.8900 0.0600 90.0000
 0 0.01664560 -12.8900 0.0600 90.0000
 0 0.01654290 -12.8900 0.0600 90.0000
 0 0.01644460 -12.8900 0.0600 90.0000
 0 0.01646960 -12.8900 0.0600 90.0000
 0 0.01463250 -12.8900 0.0600 90.0000
 0 0.01535730 -12.8900 0.0600 90.0000
 0 0.01759620 -12.8900 0.0600 90.0000
 0 0.01715440 -12.8900 0.0600 90.0000
 0 0.01689620 -12.8900 0.0600 90.0000
 0 0.01710320 -12.8900 0.0600 90.0000
 0 0.01591840 -12.8900 0.0600 90.0000
 0 0.01755700 -12.8900 0.0600 90.0000
 0 0.01664220 -12.8900 0.0600 90.0000
 0 0.01941530 -12.8900 0.0600 90.0000
 0 0.01604830 -12.8900 0.0600 90.0000
 0 0.01695530 -12.8900 0.0600 90.0000
 0 0.01612180 -12.8900 0.0600 90.0000
 0 0.01706990 -12.8900 0.0600 90.0000
 0 0.01562070 -12.8900 0.0600 90.0000
 0 0.01881820 -12.8900 0.0600 90.0000
 0 0.01788110 -12.8900 0.0600 90.0000
 0 0.01770100 -12.8900 0.0600 90.0000
 0 0.01446820 -12.8900 0.0600 90.0000
 0 0.01695910 -12.8900 0.0600 90.0000
 0 0.01845920 -12.8900 0.0600 90.0000
 0 0.01535930 -12.8900 0.0600 90.0000
 0 0.01796730 -12.8900 0.0600 90.0000
 0 0.01700710 -12.8900 0.0600 90.0000
 0 0.01614050 -12.8900 0.0600 90.0000
 0 0.01538020 -12.8900 0.0600 90.0000
 11 0.01975080 -12.8900 0.0600 90.0000
 0 0.01586540 -12.8900 0.0600 90.0000
 0 0.01267470 -12.8900 0.0600 90.0000
 0 0.01668380 -12.8900 0.0600 90.0000
 0 0.02032170 -12.8900 0.0600 90.0000
 0 0.01424610 -12.8900 0.0600 90.0000
 0 0.01342670 -12.8900 0.0600 90.0000
 0 0.01702870 -12.8900 0.0600 90.0000
 0 0.01551770 -12.8900 0.0600 90.0000
 0 0.01562500 -12.8900 0.0600 90.0000
 0 0.01878980 -12.8900 0.0600 90.0000
 0 0.01723230 -12.8900 0.0600 90.0000
 0 0.01609950 -12.8900 0.0600 90.0000
 0 0.01760350 -12.8900 0.0600 90.0000
 0 0.01439950 -12.8900 0.0600 90.0000
 0 0.01572290 -12.8900 0.0600 90.0000
 0 0.01715200 -12.8900 0.0600 90.0000
 0 0.01723670 -12.8900 0.0600 90.0000
 0 0.01826880 -12.8900 0.0600 90.0000
 0 0.01434950 -12.8900 0.0600 90.0000
 0 0.01663780 -12.8900 0.0600 90.0000
 0 0.01731860 -12.8900 0.0600 90.0000
 0 0.01883260 -12.8900 0.0600 90.0000
 0 0.01541370 -12.8900 0.0600 90.0000
 0 0.01603980 -12.8900 0.0600 90.0000
 0 0.01742480 -12.8900 0.0600 90.0000
 0 0.01533180 -12.8900 0.0600 90.0000
 0 0.01764210 -12.8900 0.0600 90.0000
 0 0.01897680 -12.8900 0.0600 90.0000
 0 0.01294690 -12.8900 0.0600 90.0000
 0 0.01812230 -12.8900 0.0600 90.0000
 0 0.01600560 -12.8900 0.0600 90.0000
 0 0.01523150 -12.8900 0.0600 90.0000
 0 0.01850510 -12.8900 0.0600 90.0000
 0 0.01792860 -12.8900 0.0600 90.0000
 0 0.01510430 -12.8900 0.0600 90.0000
 0 0.01513120 -12.8900 0.0600 90.0000
 0 0.01849280 -12.8900 0.0600 90.0000
 0 0.01616750 -12.8900 0.0600 90.0000
 0 0.02028600 -12.8900 0.0600 90.0000
 0 0.01835880 -12.8900 0.0600 90.0000
 0 0.01334910 -12.8900 0.0600 90.0000
 0 0.01988550 -12.8900 0.0600 90.0000
 0 0.01337200 -12.8900 0.0600 90.0000
 0 0.01388580 -12.8900 0.0600 90.0000
 0 0.01924840 -12.8900 0.0600 90.0000
 0 0.01579450 -12.8900 0.0600 90.0000
 0 0.01919760 -12.8900 0.0600 90.0000
 0 0.01063810 -12.8900 0.0600 90.0000
 0 0.02175210 -12.8900 0.0600 90.0000
 0 0.01365920 -12.8900 0.0600 90.0000
 0 0.01700300 -12.8900 0.0600 90.0000
 0 0.01559910 -12.8900 0.0600 90.0000
 0 0.01484420 -12.8900 0.0600 90.0000
 0 0.01722060 -12.8900 0.0600 90.0000
 0 0.02047470 -12.8900 0.0600 90.0000
 0 0.01340720 -12.8900 0.0600 90.0000
 0 0.01558910 -12.8900 0.0600 90.0000
 0 0.01675710 -12.8900 0.0600 90.0000
 0 0.01690030 -12.8900 0.0600 90.0000
 0 0.01618760 -12.8900 0.0600 90.0000
 0 0.01966990 -12.8900 0.0600 90.0000
 0 0.01681470 -12.8900 0.0600 90.0000
 0 0.01665530 -12.8900 0.0600 90.0000
 0 0.01617940 -12.8900 0.0600 90.0000
 0 0.01659840 -12.8900 0.0600 90.0000
 0 0.01734290 -12.8900 0.0600 90.0000
 0 0.01831820 -12.8900 0.0600 90.0000
 0 0.01569750 -12.8900 0.0600 90.0000
 0 0.01595920 -12.8900 0.0600 90.0000
 0 0.01871480 -12.8900 0.0600 90.0000
 0 0.01202270 -12.8900 0.0600 90.0000
 0 0.02113400 -12.8900 0.0600 90.0000
 0 0.01435560 -12.8900 0.0600 90.0000
 0 0.01682570 -12.8900 0.0600 90.0000
 0 0.01681690 -12.8900 0.0600 90.0000
 0 0.01977010 -12.8900 0.0600 90.0000
 0 0.01358580 -12.8900 0.0600 90.0000
 0 0.01645490 -12.8900 0.0600 90.0000
 0 0.01663540 -12.8900 0.0600 90.0000
 0 0.01964550 -12.8900 0.0600 90.0000
 0 0.01552360 -12.8900 0.0600 90.0000
 0 0.01557370 -12.8900 0.0600 90.0000
 0 0.01723270 -12.8900 0.0600 90.0000
 0 0.01906180 -12.8900 0.0600 90.0000
 0 0.01715450 -12.8900 0.0600 90.0000
 0 0.01253180 -12.8900 0.0600 90.0000
 0 0.02063100 -12.8900 0.0600 90.0000
 0 0.01343520 -12.8900 0.0600 90.0000
 0 0.01778000 -12.8900 0.0600 90.0000
 0 0.01726950 -12.8900 0.0600 90.0000
 0 0.01543950 -12.8900 0.0600 90.0000
 0 0.01652060 -12.8900 0.0600 90.0000
 0 0.01591910 -12.8900 0.0600 90.0000
 0 0.01924250 -12.8900 0.0600 90.0000
 0 0.01624810 -12.8900 0.0600 90.0000
 0 0.01360700 -12.8900 0.0600 90.0000
 0 0.01629650 -12.8900 0.0600 90.0000
 0 0.01557720 -12.8900 0.0600 90.0000
 0 0.02026990 -12.8900 0.0600 90.0000
 0 0.01513530 -12.8900 0.0600 90.0000
 0 0.01484630 -12.8900 0.0600 90.0000
 0 0.01746870 -12.8900 0.0600 90.0000
 0 0.01635950 -12.8900 0.0600 90.0000
 0 0.02093920 -12.8900 0.0600 90.0000
 0 0.01497250 -12.8900 0.0600 90.0000
 0 0.01644010 -12.8900 0.0600 90.0000
 0 0.01620760 -12.8900 0.0600 90.0000
 0 0.01799520 -12.8900 0.0600 90.0000
 0 0.01707860 -12.8900 0.0600 90.0000
 0 0.01495580 -12.8900 0.0600 90.0000
 0 0.01506390 -12.8900 0.0600 90.0000
 0 0.01521580 -12.8900 0.0600 90.0000
 0 0.01647700 -12.8900 0.0600 90.0000
 0 0.02204870 -12.8900 0.0600 90.0000
 0 0.01609100 -12.8900 0.0600 90.0000
 0 0.01518840 -12.8900 0.0600 90.0000
 0 0.01613000 -12.8900 0.0600 90.0000
 0 0.01719850 -12.8900 0.0600 90.0000
 0 0.01614620 -12.8900 0.0600 90.0000
 0 0.01951790 -12.8900 0.0600 90.0000
 0 0.01464010 -12.8900 0.0600 90.0000
 0 0.01605560 -12.8900 0.0600 90.0000
 0 0.02321480 -12.8900 0.0600 90.0000
 0 0.01448030 -12.8900 0.0600 90.0000
 0 0.01700330 -12.8900 0.0600 90.0000
 0 0.01625210 -12.8900 0.0600 90.0000
 0 0.01867270 -12.8900 0.0600 90.0000
 0 0.01598110 -12.8900 0.0600 90.0000
 0 0.01671630 -12.8900 0.0600 90.0000
 0 0.01753340 -12.8900 0.0600 90.0000
 0 0.01587890 -12.8900 0.0600 90.0000
 0 0.01738340 -12.8900 0.0600 90.0000
 0 0.01687700 -12.8900 0.0600 90.0000
 0 0.01528580 -12.8900 0.0600 90.0000
 0 0.01143680 -12.8900 0.0600 90.0000
 0 0.01894800 -12.8900 0.0600 90.0000
 0 0.01508250 -12.8900 0.0600 90.0000
 0 0.01435800 -12.8900 0.0600 90.0000
 0 0.01846640 -12.8900 0.0600 90.0000
 0 0.01800570 -12.8900 0.0600 90.0000
 0 0.01754930 -12.8900 0.0600 90.0000
 0 0.01497200 -12.8900 0.0600 90.0000
 0 0.01345720 -12.8900 0.0600 90.0000
 0 0.01902010 -12.8900 0.0600 90.0000
 0 0.01719670 -12.8900 0.0600 90.0000
 0 0.01614720 -12.8900 0.0600 90.0000
 0 0.01579130 -12.8900 0.0600 90.0000
 0 0.01820830 -12.8900 0.0600 90.0000
 0 0.01448720 -12.8900 0.0600 90.0000
 0 0.01764440 -12.8900 0.0600 90.0000
 0 0.01790110 -12.8900 0.0600 90.0000
 0 0.01581480 -12.8900 0.0600 90.0000
 0 0.01607810 -12.8900 0.0600 90.0000
 0 0.01569770 -12.8900 0.0600 90.0000
 0 0.01676630 -12.8900 0.0600 90.0000
 0 0.01672760 -12.8900 0.0600 90.0000
 0 0.01777300 -12.8900 0.0600 90.0000
 0 0.01806380 -12.8900 0.0600 90.0000
 0 0.01512480 -12.8900 0.0600 90.0000
 0 0.01876190 -12.8900 0.0600 90.0000
 0 0.01563860 -12.8900 0.0600 90.0000
 0 0.01816010 -12.8900 0.0600 90.0000
 0 0.01480570 -12.8900 0.0600 90.0000
 0 0.01933550 -12.8900 0.0600 90.0000
 0 0.01569640 -12.8900 0.0600 90.0000
 0 0.01616800 -12.8900 0.0600 90.0000
 0 0.01429780 -12.8900 0.0600 90.0000
 0 0.01827050 -12.8900 0.0600 90.0000
 0 0.01795980 -12.8900 0.0600 90.0000
 0 0.01503330 -12.8900 0.0600 90.0000
 0 0.01728890 -12.8900 0.0600 90.0000
 0 0.01567540 -12.8900 0.0600 90.0000
 0 0.01740100 -12.8900 0.0600 90.0000
 0 0.01878210 -12.8900 0.0600 90.0000
 0 0.01373270 -12.8900 0.0600 90.0000
 0 0.01399590 -12.8900 0.0600 90.0000
 0 0.01876150 -12.8900 0.0600 90.0000
 0 0.01526260 -12.8900 0.0600 90.0000
 0 0.02149880 -12.8900 0.0600 90.0000
 0 0.01417320 -12.8900 0.0600 90.0000
 21 0.01448040 -12.8900 0.0600 90.0000
 0 0.01631170 -12.8900 0.0600 90.0000
 0 0.01794680 -12.8900 0.0600 90.0000
 0 0.01600400 -12.8900 0.0600 90.0000
 0 0.02094840 -12.8900 0.0600 90.0000
 0 0.01687860 -12.8900 0.0600 90.0000
 0 0.01388020 -12.8900 0.0600 90.0000
 0 0.01897500 -12.8900 0.0600 90.0000
 0 0.01463800 -12.8900 0.0600 90.0000
 0 0.01877380 -12.8900 0.0600 90.0000
 0 0.01647770 -12.8900 0.0600 90.0000
 0 0.01651240 -12.8074 0.0600 90.0000
 0 0.01763250 -12.7193 0.0600 90.0000
 0 0.01500050 -12.6443 0.0600 90.0000
 0 0.01722800 -12.5581 0.0600 90.0000
 0 0.01559120 -12.4802 0.0600 90.0000
 0 0.01836520 -12.3884 0.0600 90.0000
 0 0.01674330 -12.3046 0.0600 90.0000
 0 0.01635620 -12.2229 0.0600 90.0000
 0 0.01690210 -12.1383 0.0600 90.0000
 0 0.01564070 -12.0601 0.0600 90.0000
 0 0.01678980 -11.9762 0.0600 90.0000
 0 0.01492590 -11.9016 0.0600 90.0000
 0 0.01829510 -11.8101 0.0600 90.0000
 0 0.01674460 -11.7264 0.0600 90.0000
 0 0.01690020 -11.6419 0.0626 88.2331
 0 0.01714930 -11.5563 0.0679 86.4402
 0 0.01371240 -11.4880 0.0739 85.0066
 0 0.02033150 -11.3872 0.0865 82.8810
 0 0.01542620 -11.3109 0.0982 81.2682
 0 0.01743380 -11.2252 0.1142 79.4456
 0 0.01593300 -11.1474 0.1310 77.7798
 0 0.01608610 -11.0693 0.1504 76.0981
 0 0.01761620 -10.9845 0.1743 74.2563
 0 0.01718510 -10.9845 0.1743 72.4597
 0 0.01473710 -10.9845 0.1743 70.9189
 0 0.01692850 -10.9845 0.1743 69.1491
 0 0.01688380 -10.9845 0.1743 67.3839
 0 0.01816800 -10.9845 0.1743 65.4845
 0 0.01606060 -10.9845 0.1743 63.8054
 0 0.01526550 -10.9845 0.1743 62.2095
 0 0.01777110 -10.9845 0.1743 60.3515
 0 0.01736730 -10.9845 0.1743 58.5358
 0 0.01471400 -10.9845 0.1743 56.9975
 0 0.01698740 -10.9845 0.1743 55.2215
 0 0.01607750 -10.9845 0.1743 53.5407
 0 0.01621540 -10.9845 0.1743 51.8454
 0 0.01670350 -10.9845 0.1743 50.0991
 0 0.01740890 -10.9845 0.1743 48.2790
 0 0.01448210 -10.9845 0.1743 46.7649
 0 0.02032750 -10.9845 0.1743 44.6397
 0 0.01392790 -10.9845 0.1743 43.1836
 0 0.01832180 -10.9845 0.1743 41.2681
 0 0.01580140 -10.9845 0.1743 39.6161
 0 0.01850260 -10.9280 0.2475 37.6817
 0 0.01495290 -10.8839 0.3079 36.1184
 0 0.01708650 -10.8357 0.3784 34.3321
 0 0.01670880 -10.7907 0.4488 32.5852
 0 0.01555170 -10.7507 0.5155 30.9593
 0 0.01763840 -10.7078 0.5925 29.1153
 0 0.01505690 -10.6730 0.6593 27.5411
 0 0.01757980 -10.6349 0.7385 25.7032
 0 0.01783580 -10.5988 0.8201 23.8385
 0 0.01568990 -10.5692 0.8927 22.1981
 0 0.01690320 -10.5397 0.9719 20.4310
 0 0.01698800 -10.5125 1.0524 18.6549
 0 0.01652810 -10.4885 1.1314 16.9269
 0 0.01703520 -10.4662 1.2137 15.1459
 0 0.01579340 -10.4478 1.2904 13.4948
 0 0.01835690 -10.4294 1.3804 11.5756
 0 0.01571210 -10.4136 1.4573 11.5756
 0 0.01585270 -10.3977 1.5350 11.5756
 0 0.01911990 -10.3785 1.6286 11.5756
 0 0.01367980 -10.3648 1.6956 11.5756
 0 0.01921420 -10.3455 1.7898 11.5756
 0 0.01561340 -10.3298 1.8662 11.5756
 0 0.01556660 -10.3142 1.9425 11.5756
 0 0.01745330 -10.2967 2.0280 11.5756
 0 0.01821400 -10.2784 2.1172 11.5756
 0 0.01447850 -10.2639 2.1881 11.5756
 0 0.01682960 -10.2470 2.2705 11.5756
 0 0.01775980 -10.2264 2.3569 13.4323
 0 0.01590100 -10.2057 2.4337 15.0948
 0 0.01817660 -10.1791 2.5206 16.9951
 0 0.01594460 -10.1536 2.5961 18.6620
 0 0.01703460 -10.1239 2.6759 20.4430
 0 0.01670820 -10.0923 2.7533 22.1898
 0 0.01550910 -10.0610 2.8242 23.8112
 0 0.01795930 -10.0221 2.9052 25.6888
 0 0.01669010 -9.9836 2.9792 27.4337
 0 0.01613130 -9.9444 3.0497 29.1202
 0 0.01721370 -9.9001 3.1235 30.9199
 0 0.01544120 -9.8586 3.1886 32.5342
 0 0.01813030 -9.8074 3.2634 34.4297
 0 0.01548960 -9.7618 3.3260 36.0491
 0 0.01628470 -9.7119 3.3904 37.7516
 0 0.01816780 -9.6540 3.4603 39.6510
 0 0.01599990 -9.6012 3.5204 41.3238
 0 0.01585950 -9.5471 3.5784 42.9818
 0 0.01634890 -9.4896 3.6365 44.6911
 0 0.01818400 -9.4257 3.7012 44.6911
 0 0.01645500 -9.3678 3.7596 44.6911
 0 0.01475930 -9.3159 3.8121 44.6911
 0 0.01753060 -9.2543 3.8744 44.6911
 0 0.01668570 -9.1956 3.9337 44.6911
 0 0.01746050 -9.1342 3.9958 44.6911
 0 0.01710450 -9.0740 4.0566 44.6911
 0 0.01697880 -9.0143 4.1169 44.6911
 0 0.01813820 -8.9505 4.1814 44.6911
 0 0.01297500 -8.9049 4.2275 44.6911
 0 0.01766320 -8.8428 4.2903 44.6911
 0 0.01749450 -8.7813 4.3525 44.6911
 0 0.01560990 -8.7248 4.4064 46.3231
 0 0.01798720 -8.6578 4.4664 48.2036
 0 0.01592550 -8.5969 4.5177 49.8686
 0 0.01595370 -8.5346 4.5671 51.5365
 0 0.01784730 -8.5346 4.6203 53.4024
 0 0.01547250 -8.5346 4.6647 55.0200
 0 0.01799870 -8.5346 4.7138 56.9017
 0 0.01485950 -8.5346 4.7527 58.4552
 0 0.01724790 -8.5346 4.7955 60.2584
 31 0.01785580 -8.5346 4.8372 62.1252
 0 0.01636270 -8.5346 4.8372 62.1252
 0 0.01727150 -8.5346 4.8372 62.1252
 0 0.01743690 -8.5346 4.8372 62.1252
 0 0.01583920 -8.5346 4.8372 62.1252
 0 0.01675850 -8.5346 4.8372 62.1252
 0 0.01631600 -8.5346 4.8372 62.1252
 0 0.01540200 -8.5346 4.8372 62.1252
 0 0.01820610 -8.5346 4.8372 62.1252
 0 0.01654490 -8.5346 4.8372 62.1252
 0 0.01642300 -8.5346 4.8372 62.1252
 0 0.01719440 -8.5346 4.8372 62.1252
 0 0.01642890 -8.5346 4.8372 62.1252
 0 0.01633350 -8.5346 4.8372 62.1252
 0 0.01551260 -8.5346 4.8372 62.1252
 0 0.01807270 -8.5346 4.8372 62.1252
 0 0.01652350 -8.5346 4.8372 62.1252
 0 0.01719550 -8.5346 4.8372 62.1252
 0 0.01639990 -8.5346 4.8372 62.1252
 0 0.01644400 -8.5346 4.8372 62.1252
 0 0.01486620 -8.5346 4.8372 62.1252
 0 0.01859100 -8.5346 4.8372 62.1252
 0 0.01654120 -8.5346 4.8372 62.1252
 0 0.01691040 -8.5346 4.8372 62.1252
 0 0.01633410 -8.5346 4.8372 62.1252
 0 0.01665730 -8.5346 4.8372 62.1252
 0 0.01701510 -8.5346 4.8372 62.1252
 0 0.01658540 -8.5346 4.8372 62.1252
 0 0.01608760 -8.5346 4.8372 62.1252
 0 0.01768060 -8.5346 4.8372 62.1252
 0 0.01615470 -8.5346 4.8372 62.1252
 0 0.01641910 -8.5346 4.8372 62.1252
 0 0.01715820 -8.5346 4.8372 62.1252
 0 0.01686710 -8.5346 4.8372 62.1252
 0 0.01612090 -8.5346 4.8372 62.1252
 0 0.01391460 -8.5346 4.8372 62.1252
 0 0.01962800 -8.5346 4.8372 62.1252
 0 0.01635070 -8.5346 4.8372 62.1252
 0 0.01692030 -8.5346 4.8372 62.1252
 0 0.01658730 -8.5346 4.8372 62.1252
 0 0.01643690 -8.5346 4.8372 62.1252
 0 0.01746900 -8.5346 4.8372 62.1252
 0 0.01624400 -8.5346 4.8372 62.1252
 0 0.01663940 -8.5346 4.8372 62.1252
 0 0.01505540 -8.5346 4.8372 62.1252
 0 0.01833660 -8.5346 4.8372 62.1252
 0 0.01664260 -8.5346 4.8372 62.1252
 0 0.01776140 -8.5346 4.8372 62.1252
 0 0.01560340 -8.5346 4.8372 62.1252
 0 0.01665020 -8.5346 4.8372 62.1252
 0 0.01533410 -8.5346 4.8372 62.1252
 0 0.01832470 -8.5346 4.8372 62.1252
 0 0.01448930 -8.5346 4.8372 62.1252
 0 0.01652900 -8.5346 4.8372 62.1252
 0 0.01616160 -8.5346 4.8372 62.1252
 0 0.01740250 -8.5346 4.8372 62.1252
 0 0.01624940 -8.5346 4.8372 62.1252
 0 0.01714270 -8.5346 4.8372 62.1252
 0 0.01814830 -8.5346 4.8372 62.1252
 0 0.01723060 -12.8900 0.0600 90.0000
 0 0.01723060 -12.8900 0.0600 90.0000
 0 0.01568920 -12.8900 0.0600 90.0000
 0 0.01563690 -12.8900 0.0600 90.0000
 0 0.01827250 -12.8900 0.0600 90.0000
 0 0.01684710 -12.8900 0.0600 90.0000
 0 0.01581210 -12.8900 0.0600 90.0000
 0 0.01790180 -12.8900 0.0600 90.0000
 0 0.01611510 -12.8900 0.0600 90.0000
 0 0.01523010 -12.8900 0.0600 90.0000
 0 0.01737710 -12.8900 0.0600 90.0000
 0 0.01700890 -12.8900 0.0600 90.0000
 0 0.01559040 -12.8900 0.0600 90.0000
 0 0.01702450 -12.8900 0.0600 90.0000
 0 0.01806230 -12.8900 0.0600 90.0000
 0 0.01664200 -12.8900 0.0600 90.0000
 0 0.01517340 -12.8900 0.0600 90.0000
 0 0.01649660 -12.8900 0.0600 90.0000
 0 0.01699280 -12.8900 0.0600 90.0000
 0 0.01591580 -12.8900 0.0600 90.0000
 0 0.01710280 -12.8900 0.0600 90.0000
 0 0.01817000 -12.8900 0.0600 90.0000
 0 0.01486190 -12.8900 0.0600 90.0000
 0 0.01747850 -12.8900 0.0600 90.0000
 0 0.01548780 -12.8900 0.0600 90.0000
 0 0.01644650 -12.8900 0.0600 90.0000
 0 0.01703110 -12.8900 0.0600 90.0000
 0 0.01644650 -12.8900 0.0600 90.0000
 0 0.01658460 -12.8900 0.0600 90.0000
 0 0.01985490 -12.8900 0.0600 90.0000
 0 0.01429440 -12.8900 0.0600 90.0000
 0 0.01587440 -12.8900 0.0600 90.0000
 0 0.01713990 -12.8900 0.0600 90.0000
 0 0.01533650 -12.8900 0.0600 90.0000
 0 0.01747090 -12.8900 0.0600 90.0000
 0 0.01700290 -12.8900 0.0600 90.0000
 0 0.01652460 -12.8900 0.0600 90.0000
 0 0.01700700 -12.8900 0.0600 90.0000
 0 0.01640370 -12.8900 0.0600 90.0000
 0 0.01662200 -12.8900 0.0600 90.0000
 0 0.01658930 -12.8900 0.0600 90.0000
 0 0.01693430 -12.8900 0.0600 90.0000
 0 0.01979190 -12.8900 0.0600 90.0000
 0 0.01390720 -12.8900 0.0600 90.0000
 0 0.01944640 -12.8900 0.0600 90.0000
 0 0.01326420 -12.8900 0.0600 90.0000
 0 0.01884220 -12.8900 0.0600 90.0000
 0 0.01475400 -12.8900 0.0600 90.0000
 0 0.01650220 -12.8900 0.0600 90.0000
 0 0.02152870 -12.8900 0.0600 90.0000
 0 0.01086650 -12.8900 0.0600 90.0000
 0 0.01757220 -12.8900 0.0600 90.0000
 0 0.01394940 -12.8900 0.0600 90.0000
 0 0.01959690 -12.8900 0.0600 90.0000
 0 0.01913820 -12.8900 0.0600 90.0000
 0 0.01135810 -12.8900 0.0600 90.0000
 0 0.01811150 -12.8900 0.0600 90.0000
 0 0.01637000 -12.8900 0.0600 90.0000
 0 0.01559520 -12.8900 0.0600 90.0000
 0 0.01659790 -12.8900 0.0600 90.0000
 0 0.01826840 -12.8900 0.0600 90.0000
 0 0.01770940 -12.8900 0.0600 90.0000
 0 0.01694560 -12.8900 0.0600 90.0000
 0 0.01678960 -12.8900 0.0600 90.0000
 0 0.01785310 -12.8900 0.0600 90.0000
 0 0.01720720 -12.8900 0.0600 90.0000
 0 0.01594340 -12.8900 0.0600 90.0000
 0 0.01717350 -12.8900 0.0600 90.0000
 0 0.01501960 -12.8900 0.0600 90.0000
 0 0.01853800 -12.8900 0.0600 90.0000
 0 0.01702680 -12.8900 0.0600 90.0000
 0 0.01552130 -12.8900 0.0600 90.0000
 0 0.01753500 -12.8900 0.0600 90.0000
 0 0.01644230 -12.8900 0.0600 90.0000
 0 0.01410510 -12.8900 0.0600 90.0000
 0 0.01732090 -12.8900 0.0600 90.0000
 0 0.01718490 -12.8900 0.0600 90.0000
 0 0.01631990 -12.8900 0.0600 90.0000
 0 0.01711350 -12.8900 0.0600 90.0000
 0 0.01700460 -12.8900 0.0600 90.0000
 0 0.01823040 -12.8900 0.0600 90.0000
 0 0.01397830 -12.8900 0.0600 90.0000
 0 0.01724410 -12.8900 0.0600 90.0000
 0 0.01722470 -12.8900 0.0600 90.0000
 0 0.01590190 -12.8900 0.0600 90.0000
 0 0.01689200 -12.8900 0.0600 90.0000
 0 0.01694820 -12.8900 0.0600 90.0000
 0 0.01656390 -12.8900 0.0600 90.0000
 0 0.01705850 -12.8900 0.0600 90.0000
 0 0.01711800 -12.8900 0.0600 90.0000
 0 0.01571470 -12.8900 0.0600 90.0000
 0 0.01757720 -12.8900 0.0600 90.0000
 0 0.01610310 -12.8900 0.0600 90.0000
 0 0.01805970 -12.8900 0.0600 90.0000
 0 0.01687290 -12.8900 0.0600 90.0000
 0 0.01644390 -12.8900 0.0600 90.0000
 0 0.01654920 -12.8900 0.0600 90.0000
 0 0.01695860 -12.8900 0.0600 90.0000
 0 0.01634940 -12.8900 0.0600 90.0000
 0 0.01561900 -12.8900 0.0600 90.0000
 0 0.01712970 -12.8900 0.0600 90.0000
 0 0.01647330 -12.8900 0.0600 90.0000
 0 0.01646420 -12.8900 0.0600 90.0000
 0 0.01822130 -12.8900 0.0600 90.0000
 0 0.01625400 -12.8900 0.0600 90.0000
 0 0.01623830 -12.8900 0.0600 90.0000
 0 0.01718950 -12.8900 0.0600 90.0000
 0 0.01668840 -12.8900 0.0600 90.0000
 0 0.01621520 -12.8900 0.0600 90.0000
 0 0.01841600 -12.8900 0.0600 90.0000
 0 0.01510190 -12.8900 0.0600 90.0000
 0 0.01647190 -12.8900 0.0600 90.0000
 0 0.01654400 -12.8900 0.0600 90.0000
 0 0.01703240 -12.8900 0.0600 90.0000
 0 0.01630200 -12.8900 0.0600 90.0000
 0 0.01726960 -12.8900 0.0600 90.0000
 0 0.01612000 -12.8900 0.0600 90.0000
 11 0.01669600 -12.8900 0.0600 90.0000
 0 0.01706470 -12.8900 0.0600 90.0000
 0 0.01660610 -12.8900 0.0600 90.0000
 0 0.01658820 -12.8900 0.0600 90.0000
 0 0.01677730 -12.8900 0.0600 90.0000
 0 0.01491980 -12.8900 0.0600 90.0000
 0 0.01804270 -12.8900 0.0600 90.0000
 0 0.01681190 -12.8900 0.0600 90.0000
 0 0.02145690 -12.8900 0.0600 90.0000
 0 0.01662590 -12.8900 0.0600 90.0000
 0 0.01659440 -12.8900 0.0600 90.0000
 0 0.01638770 -12.8900 0.0600 90.0000
 0 0.01655500 -12.8900 0.0600 90.0000
 0 0.01700980 -12.8900 0.0600 90.0000
 0 0.01647030 -12.8900 0.0600 90.0000
 0 0.01677440 -12.8900 0.0600 90.0000
 0 0.01685240 -12.8900 0.0600 90.0000
 0 0.01634580 -12.8900 0.0600 90.0000
 0 0.01669110 -12.8900 0.0600 90.0000
 0 0.01673120 -12.8900 0.0600 90.0000
 0 0.01655790 -12.8900 0.0600 90.0000
 0 0.01234510 -12.8900 0.0600 90.0000
 0 0.01693500 -12.8900 0.0600 90.0000
 0 0.01625780 -12.8900 0.0600 90.0000
 0 0.01658990 -12.8900 0.0600 90.0000
 0 0.01701360 -12.8900 0.0600 90.0000
 0 0.01642850 -12.8900 0.0600 90.0000
 0 0.01654290 -12.8900 0.0600 90.0000
 0 0.01742760 -12.8900 0.0600 90.0000
 0 0.01617780 -12.8900 0.0600 90.0000
 0 0.01648500 -12.8900 0.0600 90.0000
 0 0.01707360 -12.8900 0.0600 90.0000
 0 0.01637200 -12.8900 0.0600 90.0000
 0 0.01650460 -12.8900 0.0600 90.0000
 0 0.01697960 -12.8900 0.0600 90.0000
 0 0.01635890 -12.8900 0.0600 90.0000
 0 0.01690370 -12.8900 0.0600 90.0000
 0 0.01661390 -12.8900 0.0600 90.0000
 0 0.01655020 -12.8900 0.0600 90.0000
 0 0.01671980 -12.8900 0.0600 90.0000
 0 0.01726970 -12.8900 0.0600 90.0000
 0 0.01596700 -12.8900 0.0600 90.0000
 0 0.01669530 -12.8900 0.0600 90.0000
 0 0.01674830 -12.8900 0.0600 90.0000
 0 0.01380880 -12.8900 0.0600 90.0000
 0 0.01954060 -12.8900 0.0600 90.0000
 0 0.01681420 -12.8900 0.0600 90.0000
 0 0.01654610 -12.8900 0.0600 90.0000
 0 0.01630480 -12.8900 0.0600 90.0000
 0 0.01725620 -12.8900 0.0600 90.0000
 0 0.01659230 -12.8900 0.0600 90.0000
 0 0.01630120 -12.8900 0.0600 90.0000
 0 0.01850950 -12.8900 0.0600 90.0000
 0 0.01537250 -12.8900 0.0600 90.0000
 0 0.01641630 -12.8900 0.0600 90.0000
 0 0.01681480 -12.8900 0.0600 90.0000
 0 0.01625580 -12.8900 0.0600 90.0000
 0 0.01664400 -12.8900 0.0600 90.0000
 0 0.01409260 -12.8900 0.0600 90.0000
 0 0.01653300 -12.8900 0.0600 90.0000
 0 0.02004730 -12.8900 0.0600 90.0000
 0 0.01519200 -12.8900 0.0600 90.0000
 0 0.01482070 -12.8900 0.0600 90.0000
 0 0.01937130 -12.8900 0.0600 90.0000
 0 0.01529310 -12.8900 0.0600 90.0000
 0 0.01806310 -12.8900 0.0600 90.0000
 0 0.01646280 -12.8900 0.0600 90.0000
 0 0.01737020 -12.8900 0.0600 90.0000
 0 0.01690380 -12.8900 0.0600 90.0000
 0 0.01597820 -12.8900 0.0600 90.0000
 0 0.01678680 -12.8900 0.0600 90.0000
 0 0.01353940 -12.8900 0.0600 90.0000
 0 0.01931780 -12.8900 0.0600 90.0000
 0 0.01581040 -12.8900 0.0600 90.0000
 0 0.01794410 -12.8900 0.0600 90.0000
 0 0.01668980 -12.8900 0.0600 90.0000
 0 0.01678500 -12.8900 0.0600 90.0000
 0 0.01637580 -12.8900 0.0600 90.0000
 0 0.01712570 -12.8900 0.0600 90.0000
 0 0.01676160 -12.8900 0.0600 90.0000
 0 0.01642640 -12.8900 0.0600 90.0000
 0 0.01780050 -12.8900 0.0600 90.0000
 0 0.01599330 -12.8900 0.0600 90.0000
 0 0.01618050 -12.8900 0.0600 90.0000
 0 0.01475250 -12.8900 0.0600 90.0000
 0 0.01817880 -12.8900 0.0600 90.0000
 0 0.01689710 -12.8900 0.0600 90.0000
 0 0.01654520 -12.8900 0.0600 90.0000
 0 0.01698170 -12.8900 0.0600 90.0000
 0 0.01638540 -12.8900 0.0600 90.0000
 0 0.01665650 -12.8900 0.0600 90.0000
 0 0.01696450 -12.8900 0.0600 90.0000
 0 0.01624480 -12.8900 0.0600 90.0000
 0 0.01720710 -12.8900 0.0600 90.0000
 0 0.01700930 -12.8900 0.0600 90.0000
 0 0.01650210 -12.8900 0.0600 90.0000
 0 0.01610600 -12.8900 0.0600 90.0000
 0 0.01712420 -12.8900 0.0600 90.0000
 0 0.01317020 -12.8900 0.0600 90.0000
 0 0.01752940 -12.8900 0.0600 90.0000
 0 0.01585910 -12.8900 0.0600 90.0000
 0 0.01662500 -12.8900 0.0600 90.0000
 0 0.01814720 -12.8900 0.0600 90.0000
 0 0.01895950 -12.8900 0.0600 90.0000
 0 0.01437970 -12.8900 0.0600 90.0000
 0 0.01904000 -12.8900 0.0600 90.0000
 0 0.01495010 -12.8900 0.0600 90.0000
 0 0.01580670 -12.8900 0.0600 90.0000
 0 0.01881950 -12.8900 0.0600 90.0000
 0 0.01414500 -12.8900 0.0600 90.0000
 0 0.01850830 -12.8900 0.0600 90.0000
 0 0.01528900 -12.8900 0.0600 90.0000
 0 0.02044000 -12.8900 0.0600 90.0000
 0 0.01184390 -12.8900 0.0600 90.0000
 0 0.01770080 -12.8900 0.0600 90.0000
 0 0.01784610 -12.8900 0.0600 90.0000
 0 0.01554420 -12.8900 0.0600 90.0000
 0 0.01585990 -12.8900 0.0600 90.0000
 0 0.01551740 -12.8900 0.0600 90.0000
 0 0.01734010 -12.8900 0.0600 90.0000
 0 0.01832620 -12.8900 0.0600 90.0000
 0 0.01520370 -12.8900 0.0600 90.0000
 0 0.01776790 -12.8900 0.0600 90.0000
 0 0.01684930 -12.8900 0.0600 90.0000
 0 0.01515830 -12.8900 0.0600 90.0000
 0 0.01759820 -12.8900 0.0600 90.0000
 0 0.01680680 -12.8900 0.0600 90.0000
 0 0.01647370 -12.8900 0.0600 90.0000
 0 0.01688130 -12.8900 0.0600 90.0000
 0 0.01847570 -12.8900 0.0600 90.0000
 0 0.01397780 -12.8900 0.0600 90.0000
 0 0.01537410 -12.8900 0.0600 90.0000
 0 0.01834440 -12.8900 0.0600 90.0000
 0 0.01766090 -12.8900 0.0600 90.0000
 0 0.01713760 -12.8900 0.0600 90.0000
 0 0.01698840 -12.8900 0.0600 90.0000
 0 0.01614560 -12.8900 0.0600 90.0000
 0 0.01807480 -12.8900 0.0600 90.0000
 0 0.01615010 -12.8900 0.0600 90.0000
 0 0.01659910 -12.8900 0.0600 90.0000
 0 0.01723390 -12.8900 0.0600 90.0000
 0 0.01581460 -12.8900 0.0600 90.0000
 0 0.01697160 -12.8900 0.0600 90.0000
 0 0.01681340 -12.8900 0.0600 90.0000
 0 0.01649670 -12.8900 0.0600 90.0000
 0 0.01707510 -12.8900 0.0600 90.0000
 0 0.01654680 -12.8900 0.0600 90.0000
 0 0.01638400 -12.8900 0.0600 90.0000
 0 0.01730420 -12.8900 0.0600 90.0000
 0 0.01610220 -12.8900 0.0600 90.0000
 0 0.01660310 -12.8900 0.0600 90.0000
 0 0.01707930 -12.8900 0.0600 90.0000
 0 0.01634690 -12.8900 0.0600 90.0000
 0 0.01648750 -12.8900 0.0600 90.0000
 0 0.01719860 -12.8900 0.0600 90.0000
 0 0.01645610 -12.8900 0.0600 90.0000
 0 0.01661520 -12.8900 0.0600 90.0000
 0 0.01689360 -12.8900 0.0600 90.0000
 0 0.01659900 -12.8900 0.0600 90.0000
 0 0.01666340 -12.8900 0.0600 90.0000
 0 0.01734480 -12.8900 0.0600 90.0000
 0 0.01603460 -12.8900 0.0600 90.0000
 0 0.01646700 -12.8900 0.0600 90.0000
 0 0.01691820 -12.8900 0.0600 90.0000
 0 0.01659520 -12.8900 0.0600 90.0000
 0 0.01628530 -12.8900 0.0600 90.0000
 0 0.01693580 -12.8900 0.0600 90.0000
 0 0.01676130 -12.8900 0.0600 90.0000
 0 0.01650660 -12.8900 0.0600 90.0000
 0 0.01684340 -12.8900 0.0600 90.0000
 0 0.01677410 -12.8900 0.0600 90.0000
 0 0.01636520 -12.8900 0.0600 90.0000
 0 0.01874920 -12.8900 0.0600 90.0000
 0 0.01454650 -12.8900 0.0600 90.0000
 0 0.01667470 -12.8900 0.0600 90.0000
 0 0.01712930 -12.8900 0.0600 90.0000
 0 0.01610480 -12.8900 0.0600 90.0000
 0 0.01701230 -12.8900 0.0600 90.0000
 0 0.01731910 -12.8900 0.0600 90.0000
 0 0.01501120 -12.8900 0.0600 90.0000
 0 0.01613810 -12.8900 0.0600 90.0000
 21 0.01742710 -12.8900 0.0600 90.0000
 0 0.01671460 -12.8900 0.0600 90.0000
 0 0.01706140 -12.8900 0.0600 90.0000
 0 0.01700600 -12.8900 0.0600 90.0000
 0 0.01645380 -12.8900 0.0600 90.0000
 0 0.01661280 -12.8900 0.0600 90.0000
 0 0.01692530 -12.8900 0.0600 90.0000
 0 0.01661660 -12.8900 0.0600 90.0000
 0 0.01628740 -12.8900 0.0600 90.0000
 0 0.01709150 -12.8900 0.0600 90.0000
 0 0.01632180 -12.8900 0.0600 90.0000
 0 0.01496590 -12.8900 0.0600 90.0000
 0 0.01889650 -12.8900 0.0600 90.0000
 0 0.01617860 -12.8900 0.0600 90.0000
 0 0.01652800 -12.8900 0.0600 90.0000
 0 0.01709650 -12.8900 0.0600 90.0000
 0 0.01656860 -12.8900 0.0600 90.0000
 0 0.01651800 -12.8900 0.0600 90.0000
 0 0.01700630 -12.8900 0.0600 90.0000
 0 0.01642200 -12.8900 0.0600 90.0000
 0 0.01646560 -12.8900 0.0600 90.0000
 0 0.01713890 -12.8900 0.0600 90.0000
 0 0.01647700 -12.8900 0.0600 90.0000
 0 0.01671850 -12.8065 0.0625 88.2521
 0 0.01722330 -12.7205 0.0679 86.4515
 0 0.01501280 -12.6457 0.0746 84.8819
 0 0.01704300 -12.5611 0.0848 83.1001
 0 0.01618400 -12.4811 0.0969 81.4081
 0 0.01624480 -12.4012 0.1114 79.7098
 0 0.01762590 -12.3150 0.1299 77.8670
 0 0.01775970 -12.2289 0.1514 76.0103
 0 0.01566270 -12.1535 0.1725 74.3728
 0 0.01744990 -12.0702 0.1987 72.5484
 0 0.01610070 -11.9942 0.2251 70.8651
 0 0.01641030 -11.9175 0.2543 69.1495
 0 0.01638350 -11.8418 0.2857 67.4366
 0 0.01712710 -11.7638 0.3210 65.6460
 0 0.01624340 -11.6909 0.3567 63.9478
 0 0.01559350 -11.6218 0.3929 62.3176
 0 0.01891050 -11.5397 0.4397 60.3405
 0 0.01564210 -11.4728 0.4803 58.7052
 0 0.01657420 -11.4034 0.5255 56.9724
 0 0.01698910 -11.3336 0.5740 55.1962
 0 0.01635680 -11.2679 0.6226 53.4862
 0 0.01672890 -11.2022 0.6744 51.7372
 0 0.01688000 -11.1376 0.7287 49.9724
 0 0.01690650 -11.0745 0.7850 48.2049
 0 0.01546550 -11.0184 0.8382 46.5880
 0 0.01774960 -10.9559 0.9012 44.7323
 0 0.01419950 -10.9073 0.9529 43.2478
 0 0.01786790 -10.8482 1.0200 41.3798
 0 0.02121710 -10.7812 1.1022 39.1616
 0 0.01372030 -10.7392 1.1565 37.7271
 0 0.01618350 -10.6916 1.2219 36.0352
 0 0.01689780 -10.6441 1.2918 34.2686
 0 0.01614910 -10.6006 1.3598 32.5802
 0 0.01733150 -10.5563 1.4343 30.7683
 0 0.01767530 -10.5110 1.5102 30.7683
 0 0.01521290 -10.4721 1.5755 30.7683
 0 0.01634110 -10.4303 1.6458 30.7683
 0 0.01697810 -10.3869 1.7187 30.7683
 0 0.01738730 -10.3424 1.7934 30.7683
 0 0.01442850 -10.3055 1.8554 30.7683
 0 0.01850980 -10.2582 1.9349 30.7683
 0 0.01676890 -10.2153 2.0069 30.7683
 0 0.01558660 -10.1754 2.0739 30.7683
 0 0.01771740 -10.1301 2.1500 30.7683
 0 0.01607530 -10.0890 2.2191 30.7683
 0 0.01645030 -10.0469 2.2898 30.7683
 0 0.01761710 -10.0018 2.3655 30.7683
 0 0.01531020 -9.9627 2.4312 30.7683
 0 0.01711190 -9.9189 2.5047 30.7683
 0 0.01773650 -9.8735 2.5809 30.7683
 0 0.01568380 -9.8334 2.6483 30.7683
 0 0.01727590 -9.7892 2.7225 30.7683
 0 0.01659240 -9.7468 2.7938 30.7683
 0 0.01602150 -9.7058 2.8627 30.7683
 0 0.01540400 -9.6664 2.9288 30.7683
 0 0.01812670 -9.6200 3.0067 30.7683
 0 0.01643690 -9.5780 3.0773 30.7683
 0 0.01660480 -9.5355 3.1487 30.7683
 0 0.01704550 -9.4919 3.2219 30.7683
 0 0.01676840 -9.4469 3.2926 32.5214
 0 0.01606730 -9.4017 3.3590 34.2012
 0 0.01743180 -9.3504 3.4295 36.0236
 0 0.01623070 -9.3008 3.4937 37.7205
 0 0.01744280 -9.2453 3.5610 39.5441
 0 0.01594320 -9.1927 3.6210 41.2109
 0 0.01663260 -9.1361 3.6818 42.9498
 0 0.01565740 -9.0811 3.7376 44.5868
 0 0.01792170 -9.0162 3.7993 46.4604
 0 0.01728430 -8.9517 3.8568 48.2675
 0 0.01414390 -8.8977 3.9025 49.7462
 0 0.02307360 -8.8066 3.9733 52.1585
 0 0.01685640 -8.7385 4.0229 53.9208
 0 0.01645310 -8.6706 4.0694 55.6409
 0 0.01649520 -8.6011 4.1138 57.3654
 0 0.01783320 -8.5407 4.1595 59.2298
 0 0.01648400 -8.5407 4.1995 60.9532
 0 0.01413370 -8.5407 4.2322 62.4309
 0 0.01866330 -8.5407 4.2725 64.3821
 0 0.01578220 -8.5407 4.3046 66.0320
 0 0.01723580 -8.5407 4.3371 67.8340
 0 0.01610110 -8.5407 4.3653 69.5173
 0 0.01739670 -8.5407 4.3931 71.3361
 0 0.00964450 -8.5407 4.4077 72.3444
 0 0.01543630 -8.5407 4.4291 73.9583
 0 0.02028340 -8.5407 4.4535 76.0788
 0 0.01671100 -8.5407 4.4711 77.8259
 0 0.01666040 -8.5407 4.4862 79.5677
 0 0.01695370 -8.5407 4.4989 81.3402
 0 0.01740700 -8.5407 4.5093 83.1601
 0 0.01183260 -8.5407 4.5151 84.3972
 0 0.01867950 -8.5407 4.5210 86.3500
 0 0.01561830 -8.5407 4.5210 87.9829
 0 0.01771090 -8.5407 4.5210 87.9829
 0 0.01540100 -8.5407 4.5210 87.9829
 0 0.01916080 -8.5407 4.5210 87.9829
 0 0.01280150 -8.5407 4.5210 87.9829
 0 0.01904420 -8.5407 4.5210 87.9829
 0 0.01618510 -8.5407 4.5210 87.9829
 0 0.01807530 -8.5407 4.5210 87.9829
 0 0.01743970 -8.5407 4.5210 87.9829
 0 0.01631060 -8.5407 4.5210 87.9829
 0 0.01478870 -8.5407 4.5210 87.9829
 0 0.01938870 -8.5407 4.5210 87.9829
 0 0.01408640 -8.5407 4.5210 87.9829
 0 0.01719170 -8.5407 4.5210 87.9829
 0 0.01881860 -8.5407 4.5210 87.9829
 0 0.01731580 -8.5407 4.5210 87.9829
 0 0.01413170 -8.5407 4.5210 87.9829
 0 0.01877320 -8.5407 4.5210 87.9829
 0 0.01702910 -8.5407 4.5210 87.9829
 0 0.01325910 -8.5407 4.5210 87.9829
 0 0.01835810 -8.5407 4.5210 87.9829
 0 0.01520840 -8.5407 4.5210 87.9829
 0 0.01639220 -8.5407 4.5210 87.9829
 0 0.01821440 -8.5407 4.5210 87.9829
 0 0.01537440 -8.5407 4.5210 87.9829
 0 0.01674490 -8.5407 4.5210 87.9829
 0 0.01839310 -8.5407 4.5210 87.9829
 0 0.01620050 -8.5407 4.5210 87.9829
 0 0.01521730 -8.5407 4.5210 87.9829
 0 0.01883730 -8.5407 4.5210 86.0135
 0 0.01664640 -8.5407 4.5210 84.2732
 0 0.01406300 -8.5407 4.5210 82.8029
 0 0.01602710 -8.5407 4.5210 81.1273
 0 0.01950350 -8.5407 4.5210 79.0883
 0 0.01748470 -8.5407 4.5210 77.2603
 0 0.01732500 -8.5407 4.5210 75.4490
 0 0.01428240 -8.5407 4.5210 73.9558
 0 0.01776450 -8.5407 4.5210 72.0986
 0 0.01716110 -8.5407 4.5210 70.3044
 0 0.01494690 -8.5407 4.5210 70.3044
 0 0.01924510 -8.5407 4.5210 70.3044
 0 0.01565620 -8.5407 4.5210 70.3044
 0 0.01564840 -8.5407 4.5210 70.3044
 0 0.01837030 -8.5407 4.5210 70.3044
 0 0.01654390 -8.5407 4.5210 70.3044
 0 0.01689360 -8.5407 4.5210 70.3044
 0 0.01324620 -8.5407 4.5210 70.3044
 0 0.01984280 -8.5407 4.5210 70.3044
 0 0.01574600 -8.5407 4.5210 70.3044
 0 0.01775640 -8.5407 4.5210 70.3044
 0 0.01634010 -8.5407 4.5210 70.3044
 0 0.01604780 -8.5407 4.5210 70.3044
 0 0.01447720 -8.5407 4.5210 70.3044
 0 0.02015150 -8.5407 4.5210 70.3044
 0 0.01339890 -8.5407 4.5210 70.3044
 0 0.01734990 -8.5407 4.5210 70.3044
 0 0.01864910 -8.5407 4.5210 70.3044
 0 0.01775040 -8.5407 4.5509 70.3044
 0 0.01718500 -8.5407 4.5799 70.3044
 0 0.01430280 -8.5407 4.6040 70.3044
 0 0.01689710 -8.5407 4.6325 70.3044
 0 0.01701630 -8.5407 4.6611 70.3044
 0 0.01643250 -8.5407 4.6888 70.3044
 0 0.01472460 -8.5407 4.7136 70.3044
 0 0.01787990 -8.5407 4.7438 70.3044
 0 0.01623580 -8.5407 4.7711 70.3044
 0 0.01872060 -8.5407 4.8027 70.3044
 0 0.01456410 -8.5407 4.8027 70.3044
 31 0.01814110 -8.5407 4.8027 70.3044
 0 0.01395910 -8.5407 4.8027 70.3044
 0 0.01968180 -8.5407 4.8027 70.3044
 0 0.01648450 -8.5407 4.8027 70.3044
 0 0.01695170 -8.5407 4.8027 70.3044
 0 0.01353610 -8.5407 4.8027 70.3044
 0 0.01929660 -8.5407 4.8027 70.3044
 0 0.01747760 -8.5407 4.8027 70.3044
 0 0.01343990 -8.5407 4.8027 70.3044
 0 0.01935110 -8.5407 4.8027 70.3044
 0 0.01714490 -8.5407 4.8027 70.3044
 0 0.01656560 -8.5407 4.8027 70.3044
 0 0.01629890 -8.5407 4.8027 70.3044
 0 0.01417540 -8.5407 4.8027 70.3044
 0 0.01634480 -8.5407 4.8027 70.3044
 0 0.01955800 -8.5407 4.8027 70.3044
 0 0.01481860 -8.5407 4.8027 70.3044
 0 0.01666790 -8.5407 4.8027 70.3044
 0 0.01833440 -8.5407 4.8027 70.3044
 0 0.01720530 -8.5407 4.8027 70.3044
 0 0.01613450 -8.5407 4.8027 70.3044
 0 0.01672610 -8.5407 4.8027 70.3044
 0 0.01853850 -8.5407 4.8027 70.3044
 0 0.01523720 -8.5407 4.8027 70.3044
 0 0.01619630 -8.5407 4.8027 70.3044
 0 0.01789990 -8.5407 4.8027 70.3044
 0 0.01376910 -8.5407 4.8027 70.3044
 0 0.01752410 -8.5407 4.8027 70.3044
 0 0.01543120 -8.5407 4.8027 70.3044
 0 0.01888300 -8.5407 4.8027 70.3044
 0 0.01643150 -8.5407 4.8027 70.3044
 0 0.01721970 -8.5407 4.8027 70.3044
 0 0.01434240 -8.5407 4.8027 70.3044
 0 0.01959540 -8.5407 4.8027 70.3044
 0 0.01614830 -8.5407 4.8027 70.3044
 0 0.01633320 -8.5407 4.8027 70.3044
 0 0.01636080 -8.5407 4.8027 70.3044
 0 0.01704090 -8.5407 4.8027 70.3044
 0 0.01668460 -8.5407 4.8027 70.3044
 0 0.01638940 -8.5407 4.8027 70.3044
 0 0.01398580 -8.5407 4.8027 70.3044
 0 0.02000780 -8.5407 4.8027 70.3044
 0 0.01626380 -8.5407 4.8027 70.3044
 0 0.01679680 -8.5407 4.8027 70.3044
 0 0.01636920 -8.5407 4.8027 70.3044
 0 0.01655430 -8.5407 4.8027 70.3044
 0 0.01704720 -8.5407 4.8027 70.3044
 0 0.01685160 -8.5407 4.8027 70.3044
 0 0.01612130 -8.5407 4.8027 70.3044
 0 0.01870820 -8.5407 4.8027 70.3044
 0 0.01485160 -8.5407 4.8027 70.3044
 0 0.01630110 -8.5407 4.8027 70.3044
 0 0.01708170 -8.5407 4.8027 70.3044
 0 0.01343360 -8.5407 4.8027 70.3044
 0 0.01946830 -8.5407 4.8027 70.3044
 0 0.01715580 -8.5407 4.8027 70.3044
 0 0.01636160 -8.5407 4.8027 70.3044
 0 0.01665060 -8.5407 4.8027 70.3044
 0 0.01531340 -12.8900 0.0600 90.0000
 0 0.01531340 -12.8900 0.0600 90.0000
 0 0.01909620 -12.8900 0.0600 90.0000
 0 0.01578790 -12.8900 0.0600 90.0000
 0 0.01368220 -12.8900 0.0600 90.0000
 0 0.01961070 -12.8900 0.0600 90.0000
 0 0.01681310 -12.8900 0.0600 90.0000
 0 0.01686960 -12.8900 0.0600 90.0000
 0 0.01662470 -12.8900 0.0600 90.0000
 0 0.01564740 -12.8900 0.0600 90.0000
 0 0.01790530 -12.8900 0.0600 90.0000
 0 0.01389720 -12.8900 0.0600 90.0000
 0 0.01888770 -12.8900 0.0600 90.0000
 0 0.01691910 -12.8900 0.0600 90.0000
 0 0.01662380 -12.8900 0.0600 90.0000
 0 0.01632710 -12.8900 0.0600 90.0000
 0 0.01714610 -12.8900 0.0600 90.0000
 0 0.01639750 -12.8900 0.0600 90.0000
 0 0.01633130 -12.8900 0.0600 90.0000
 0 0.01723120 -12.8900 0.0600 90.0000
 0 0.01636480 -12.8900 0.0600 90.0000
 0 0.01668290 -12.8900 0.0600 90.0000
 0 0.01727770 -12.8900 0.0600 90.0000
 0 0.01634310 -12.8900 0.0600 90.0000
 0 0.01627350 -12.8900 0.0600 90.0000
 0 0.01727370 -12.8900 0.0600 90.0000
 0 0.01619900 -12.8900 0.0600 90.0000
 0 0.01649820 -12.8900 0.0600 90.0000
 0 0.01734880 -12.8900 0.0600 90.0000
 0 0.01623530 -12.8900 0.0600 90.0000
 0 0.01640530 -12.8900 0.0600 90.0000
 0 0.01691630 -12.8900 0.0600 90.0000
 0 0.01661190 -12.8900 0.0600 90.0000
 0 0.01669360 -12.8900 0.0600 90.0000
 0 0.01693700 -12.8900 0.0600 90.0000
 0 0.01676190 -12.8900 0.0600 90.0000
 0 0.01611030 -12.8900 0.0600 90.0000
 0 0.01690120 -12.8900 0.0600 90.0000
 0 0.01345860 -12.8900 0.0600 90.0000
 0 0.01989880 -12.8900 0.0600 90.0000
 0 0.01405060 -12.8900 0.0600 90.0000
 0 0.01668530 -12.8900 0.0600 90.0000
 0 0.01904870 -12.8900 0.0600 90.0000
 0 0.01713810 -12.8900 0.0600 90.0000
 0 0.01647480 -12.8900 0.0600 90.0000
 0 0.01679600 -12.8900 0.0600 90.0000
 0 0.01662670 -12.8900 0.0600 90.0000
 0 0.01363960 -12.8900 0.0600 90.0000
 0 0.01962620 -12.8900 0.0600 90.0000
 0 0.01487020 -12.8900 0.0600 90.0000
 0 0.01853990 -12.8900 0.0600 90.0000
 0 0.01639230 -12.8900 0.0600 90.0000
 0 0.01752290 -12.8900 0.0600 90.0000
 0 0.01398780 -12.8900 0.0600 90.0000
 0 0.01682450 -12.8900 0.0600 90.0000
 0 0.01914830 -12.8900 0.0600 90.0000
 0 0.01439180 -12.8900 0.0600 90.0000
 0 0.01660750 -12.8900 0.0600 90.0000
 0 0.01629120 -12.8900 0.0600 90.0000
 0 0.01644630 -12.8900 0.0600 90.0000
 0 0.01756240 -12.8900 0.0600 90.0000
 0 0.01665870 -12.8900 0.0600 90.0000
 0 0.01818200 -12.8900 0.0600 90.0000
 0 0.01505950 -12.8900 0.0600 90.0000
 0 0.01790680 -12.8900 0.0600 90.0000
 0 0.01687130 -12.8900 0.0600 90.0000
 0 0.01653510 -12.8900 0.0600 90.0000
 0 0.01508530 -12.8900 0.0600 90.0000
 0 0.01532660 -12.8900 0.0600 90.0000
 0 0.01908260 -12.8900 0.0600 90.0000
 0 0.01477900 -12.8900 0.0600 90.0000
 0 0.01906970 -12.8900 0.0600 90.0000
 0 0.01511900 -12.8900 0.0600 90.0000
 0 0.01577510 -12.8900 0.0600 90.0000
 0 0.01957980 -12.8900 0.0600 90.0000
 0 0.01420620 -12.8900 0.0600 90.0000
 0 0.01750500 -12.8900 0.0600 90.0000
 0 0.01608450 -12.8900 0.0600 90.0000
 0 0.01662600 -12.8900 0.0600 90.0000
 0 0.01771580 -12.8900 0.0600 90.0000
 0 0.01517700 -12.8900 0.0600 90.0000
 0 0.01786610 -12.8900 0.0600 90.0000
 0 0.01463970 -12.8900 0.0600 90.0000
 0 0.01716030 -12.8900 0.0600 90.0000
 0 0.01783200 -12.8900 0.0600 90.0000
 0 0.01545730 -12.8900 0.0600 90.0000
 0 0.01563310 -12.8900 0.0600 90.0000
 0 0.01709610 -12.8900 0.0600 90.0000
 0 0.01830520 -12.8900 0.0600 90.0000
 0 0.01667810 -12.8900 0.0600 90.0000
 0 0.01829680 -12.8900 0.0600 90.0000
 0 0.01646100 -12.8900 0.0600 90.0000
 0 0.01466440 -12.8900 0.0600 90.0000
 0 0.01619530 -12.8900 0.0600 90.0000
 0 0.01857990 -12.8900 0.0600 90.0000
 0 0.01500350 -12.8900 0.0600 90.0000
 0 0.01629790 -12.8900 0.0600 90.0000
 0 0.01544990 -12.8900 0.0600 90.0000
 0 0.02002800 -12.8900 0.0600 90.0000
 0 0.01555860 -12.8900 0.0600 90.0000
 0 0.01837050 -12.8900 0.0600 90.0000
 0 0.01525820 -12.8900 0.0600 90.0000
 0 0.01691100 -12.8900 0.0600 90.0000
 0 0.01810680 -12.8900 0.0600 90.0000
 0 0.01539370 -12.8900 0.0600 90.0000
 0 0.01543750 -12.8900 0.0600 90.0000
 0 0.01811080 -12.8900 0.0600 90.0000
 0 0.01747110 -12.8900 0.0600 90.0000
 0 0.01453100 -12.8900 0.0600 90.0000
 0 0.01806780 -12.8900 0.0600 90.0000
 0 0.01742960 -12.8900 0.0600 90.0000
 0 0.01654940 -12.8900 0.0600 90.0000
 0 0.01847110 -12.8900 0.0600 90.0000
 0 0.01487190 -12.8900 0.0600 90.0000
 0 0.01471240 -12.8900 0.0600 90.0000
 0 0.01932660 -12.8900 0.0600 90.0000
 0 0.01613330 -12.8900 0.0600 90.0000
 0 0.01631430 -12.8900 0.0600 90.0000
 0 0.01710240 -12.8900 0.0600 90.0000
 0 0.01655750 -12.8900 0.0600 90.0000
 11 0.01631240 -12.8900 0.0600 90.0000
 0 0.01729720 -12.8900 0.0600 90.0000
 0 0.01636740 -12.8900 0.0600 90.0000
 0 0.01671090 -12.8900 0.0600 90.0000
 0 0.01714960 -12.8900 0.0600 90.0000
 0 0.01594880 -12.8900 0.0600 90.0000
 0 0.01654120 -12.8900 0.0600 90.0000
 0 0.01744970 -12.8900 0.0600 90.0000
 0 0.01617110 -12.8900 0.0600 90.0000
 0 0.01656270 -12.8900 0.0600 90.0000
 0 0.01688650 -12.8900 0.0600 90.0000
 0 0.01626130 -12.8900 0.0600 90.0000
 0 0.01679440 -12.8900 0.0600 90.0000
 0 0.01687400 -12.8900 0.0600 90.0000
 0 0.01678480 -12.8900 0.0600 90.0000
 0 0.01621780 -12.8900 0.0600 90.0000
 0 0.01695250 -12.8900 0.0600 90.0000
 0 0.01666850 -12.8900 0.0600 90.0000
 0 0.01657310 -12.8900 0.0600 90.0000
 0 0.01678240 -12.8900 0.0600 90.0000
 0 0.01665510 -12.8900 0.0600 90.0000
 0 0.01666880 -12.8900 0.0600 90.0000
 0 0.01686000 -12.8900 0.0600 90.0000
 0 0.01628950 -12.8900 0.0600 90.0000
 0 0.01654850 -12.8900 0.0600 90.0000
 0 0.01692840 -12.8900 0.0600 90.0000
 0 0.01656310 -12.8900 0.0600 90.0000
 0 0.01666310 -12.8900 0.0600 90.0000
 0 0.01695060 -12.8900 0.0600 90.0000
 0 0.01644620 -12.8900 0.0600 90.0000
 0 0.01664940 -12.8900 0.0600 90.0000
 0 0.01692280 -12.8900 0.0600 90.0000
 0 0.01627080 -12.8900 0.0600 90.0000
 0 0.01687310 -12.8900 0.0600 90.0000
 0 0.01710660 -12.8900 0.0600 90.0000
 0 0.01636570 -12.8900 0.0600 90.0000
 0 0.01647330 -12.8900 0.0600 90.0000
 0 0.01688760 -12.8900 0.0600 90.0000
 0 0.01648520 -12.8900 0.0600 90.0000
 0 0.01646220 -12.8900 0.0600 90.0000
 0 0.01694820 -12.8900 0.0600 90.0000
 0 0.01639660 -12.8900 0.0600 90.0000
 0 0.01676630 -12.8900 0.0600 90.0000
 0 0.01703210 -12.8900 0.0600 90.0000
 0 0.01680010 -12.8900 0.0600 90.0000
 0 0.01485320 -12.8900 0.0600 90.0000
 0 0.01836140 -12.8900 0.0600 90.0000
 0 0.01647790 -12.8900 0.0600 90.0000
 0 0.01555270 -12.8900 0.0600 90.0000
 0 0.01642920 -12.8900 0.0600 90.0000
 0 0.01832140 -12.8900 0.0600 90.0000
 0 0.01476470 -12.8900 0.0600 90.0000
 0 0.01858280 -12.8900 0.0600 90.0000
 0 0.01487050 -12.8900 0.0600 90.0000
 0 0.01812670 -12.8900 0.0600 90.0000
 0 0.01536570 -12.8900 0.0600 90.0000
 0 0.01813840 -12.8900 0.0600 90.0000
 0 0.01640920 -12.8900 0.0600 90.0000
 0 0.01688720 -12.8900 0.0600 90.0000
 0 0.01659400 -12.8900 0.0600 90.0000
 0 0.02086590 -12.8900 0.0600 90.0000
 0 0.01688100 -12.8900 0.0600 90.0000
 0 0.01662180 -12.8900 0.0600 90.0000
 0 0.01646520 -12.8900 0.0600 90.0000
 0 0.01715460 -12.8900 0.0600 90.0000
 0 0.01656660 -12.8900 0.0600 90.0000
 0 0.01643320 -12.8900 0.0600 90.0000
 0 0.01692480 -12.8900 0.0600 90.0000
 0 0.01638470 -12.8900 0.0600 90.0000
 0 0.01656480 -12.8900 0.0600 90.0000
 0 0.01712680 -12.8900 0.0600 90.0000
 0 0.01632060 -12.8900 0.0600 90.0000
 0 0.01062550 -12.8900 0.0600 90.0000
 0 0.01862540 -12.8900 0.0600 90.0000
 0 0.01647580 -12.8900 0.0600 90.0000
 0 0.01630650 -12.8900 0.0600 90.0000
 0 0.01717730 -12.8900 0.0600 90.0000
 0 0.01623920 -12.8900 0.0600 90.0000
 0 0.01670220 -12.8900 0.0600 90.0000
 0 0.01676570 -12.8900 0.0600 90.0000
 0 0.01659370 -12.8900 0.0600 90.0000
 0 0.01673440 -12.8900 0.0600 90.0000
 0 0.01683110 -12.8900 0.0600 90.0000
 0 0.01657320 -12.8900 0.0600 90.0000
 0 0.01637790 -12.8900 0.0600 90.0000
 0 0.01705440 -12.8900 0.0600 90.0000
 0 0.01671110 -12.8900 0.0600 90.0000
 0 0.01630080 -12.8900 0.0600 90.0000
 0 0.01396980 -12.8900 0.0600 90.0000
 0 0.01960200 -12.8900 0.0600 90.0000
 0 0.01655900 -12.8900 0.0600 90.0000
 0 0.01687630 -12.8900 0.0600 90.0000
 0 0.01658420 -12.8900 0.0600 90.0000
 0 0.01658620 -12.8900 0.0600 90.0000
 0 0.01690600 -12.8900 0.0600 90.0000
 0 0.01672370 -12.8900 0.0600 90.0000
 0 0.01647970 -12.8900 0.0600 90.0000
 0 0.01661490 -12.8900 0.0600 90.0000
 0 0.01659930 -12.8900 0.0600 90.0000
 0 0.01674370 -12.8900 0.0600 90.0000
 0 0.01682830 -12.8900 0.0600 90.0000
 0 0.01329630 -12.8900 0.0600 90.0000
 0 0.01966520 -12.8900 0.0600 90.0000
 0 0.01559090 -12.8900 0.0600 90.0000
 0 0.01783510 -12.8900 0.0600 90.0000
 0 0.01658230 -12.8900 0.0600 90.0000
 0 0.01701540 -12.8900 0.0600 90.0000
 0 0.01370620 -12.8900 0.0600 90.0000
 0 0.01907600 -12.8900 0.0600 90.0000
 0 0.01715120 -12.8900 0.0600 90.0000
 0 0.01663360 -12.8900 0.0600 90.0000
 0 0.01639980 -12.8900 0.0600 90.0000
 0 0.01762830 -12.8900 0.0600 90.0000
 0 0.01635030 -12.8900 0.0600 90.0000
 0 0.01417990 -12.8900 0.0600 90.0000
 0 0.01597750 -12.8900 0.0600 90.0000
 0 0.01802950 -12.8900 0.0600 90.0000
 0 0.01621780 -12.8900 0.0600 90.0000
 0 0.01904910 -12.8900 0.0600 90.0000
 0 0.01439180 -12.8900 0.0600 90.0000
 0 0.01859300 -12.8900 0.0600 90.0000
 0 0.01503590 -12.8900 0.0600 90.0000
 0 0.01806610 -12.8900 0.0600 90.0000
 0 0.01647250 -12.8900 0.0600 90.0000
 0 0.01707090 -12.8900 0.0600 90.0000
 0 0.01375680 -12.8900 0.0600 90.0000
 0 0.01979770 -12.8900 0.0600 90.0000
 0 0.01589490 -12.8900 0.0600 90.0000
 0 0.01438840 -12.8900 0.0600 90.0000
 0 0.01813600 -12.8900 0.0600 90.0000
 0 0.01547700 -12.8900 0.0600 90.0000
 0 0.01777050 -12.8900 0.0600 90.0000
 0 0.01631410 -12.8900 0.0600 90.0000
 0 0.01723900 -12.8900 0.0600 90.0000
 0 0.01445750 -12.8900 0.0600 90.0000
 0 0.01790180 -12.8900 0.0600 90.0000
 0 0.01577720 -12.8900 0.0600 90.0000
 0 0.01937140 -12.8900 0.0600 90.0000
 0 0.01606140 -12.8900 0.0600 90.0000
 0 0.01766100 -12.8900 0.0600 90.0000
 0 0.01603820 -12.8900 0.0600 90.0000
 0 0.01669270 -12.8900 0.0600 90.0000
 0 0.01659190 -12.8900 0.0600 90.0000
 0 0.01717710 -12.8900 0.0600 90.0000
 0 0.01486430 -12.8900 0.0600 90.0000
 0 0.01702250 -12.8900 0.0600 90.0000
 0 0.01839970 -12.8900 0.0600 90.0000
 0 0.01440990 -12.8900 0.0600 90.0000
 0 0.01722120 -12.8900 0.0600 90.0000
 0 0.01503740 -12.8900 0.0600 90.0000
 0 0.01656850 -12.8900 0.0600 90.0000
 0 0.01734470 -12.8900 0.0600 90.0000
 0 0.01748660 -12.8900 0.0600 90.0000
 0 0.01810540 -12.8900 0.0600 90.0000
 0 0.01421090 -12.8900 0.0600 90.0000
 0 0.01759140 -12.8900 0.0600 90.0000
 0 0.01837360 -12.8900 0.0600 90.0000
 0 0.01518640 -12.8900 0.0600 90.0000
 0 0.01809030 -12.8900 0.0600 90.0000
 0 0.01492360 -12.8900 0.0600 90.0000
 0 0.01900120 -12.8900 0.0600 90.0000
 0 0.01596390 -12.8900 0.0600 90.0000
 0 0.01655210 -12.8900 0.0600 90.0000
 0 0.01714850 -12.8900 0.0600 90.0000
 0 0.01640780 -12.8900 0.0600 90.0000
 0 0.01660960 -12.8900 0.0600 90.0000
 0 0.01645770 -12.8900 0.0600 90.0000
 0 0.01690100 -12.8900 0.0600 90.0000
 0 0.01695840 -12.8900 0.0600 90.0000
 0 0.01678000 -12.8900 0.0600 90.0000
 0 0.01636870 -12.8900 0.0600 90.0000
 0 0.01516120 -12.8900 0.0600 90.0000
 0 0.01824610 -12.8900 0.0600 90.0000
 0 0.01640360 -12.8900 0.0600 90.0000
 0 0.01688570 -12.8900 0.0600 90.0000
 0 0.01683080 -12.8900 0.0600 90.0000
 0 0.01644900 -12.8900 0.0600 90.0000
 0 0.01643560 -12.8900 0.0600 90.0000
 0 0.01765660 -12.8900 0.0600 90.0000
 0 0.01633110 -12.8900 0.0600 90.0000
 0 0.01591390 -12.8900 0.0600 90.0000
 21 0.01711970 -12.8900 0.0600 90.0000
 0 0.01465600 -12.8900 0.0600 90.0000
 0 0.01852050 -12.8900 0.0600 90.0000
 0 0.01692660 -12.8900 0.0600 90.0000
 0 0.01428740 -12.8900 0.0600 90.0000
 0 0.01881810 -12.8900 0.0600 90.0000
 0 0.01687730 -12.8900 0.0600 90.0000
 0 0.01657340 -12.8900 0.0600 90.0000
 0 0.01639780 -12.8900 0.0600 90.0000
 0 0.01689830 -12.8900 0.0600 90.0000
 0 0.01699810 -12.8900 0.0600 90.0000
 0 0.01635440 -12.8900 0.0600 90.0000
 0 0.01689570 -12.8900 0.0600 90.0000
 0 0.01633020 -12.8900 0.0600 90.0000
 0 0.01632390 -12.8900 0.0600 90.0000
 0 0.01717120 -12.8900 0.0600 90.0000
 0 0.01658110 -12.8900 0.0600 90.0000
 0 0.01637480 -12.8900 0.0600 90.0000
 0 0.01734910 -12.8900 0.0600 90.0000
 0 0.01646050 -12.8900 0.0600 90.0000
 0 0.01627070 -12.8900 0.0600 90.0000
 0 0.01699120 -12.8900 0.0600 90.0000
 0 0.01632590 -12.8900 0.0600 90.0000
 0 0.01671870 -12.8900 0.0600 90.0000
 0 0.01711520 -12.8900 0.0600 90.0000
 0 0.01619560 -12.8900 0.0600 90.0000
 0 0.01661810 -12.8900 0.0600 90.0000
 0 0.01702220 -12.8900 0.0600 90.0000
 0 0.01653520 -12.8900 0.0600 90.0000
 0 0.01649020 -12.8900 0.0600 90.0000
 0 0.01711950 -12.8900 0.0600 90.0000
 0 0.01610810 -12.8900 0.0600 90.0000
 0 0.01658250 -12.8900 0.0600 90.0000
 0 0.01730190 -12.8900 0.0600 90.0000
 0 0.01640310 -12.8900 0.0600 90.0000
 0 0.01668450 -12.8900 0.0600 90.0000
 0 0.01663630 -12.8900 0.0600 90.0000
 0 0.01653810 -12.8900 0.0600 90.0000
 0 0.01658530 -12.8900 0.0600 90.0000
 0 0.01700470 -12.8900 0.0600 90.0000
 0 0.01662220 -12.8900 0.0600 90.0000
 0 0.01616870 -12.8900 0.0600 90.0000
 0 0.01717520 -12.8900 0.0600 90.0000
 0 0.01669990 -12.8900 0.0600 90.0000
 0 0.01635760 -12.8900 0.0600 90.0000
 0 0.01697680 -12.8900 0.0600 90.0000
 0 0.01632930 -12.8900 0.0600 90.0000
 0 0.01674110 -12.8900 0.0600 90.0000
 0 0.01683700 -12.8900 0.0600 90.0000
 0 0.01663950 -12.8900 0.0600 90.0000
 0 0.01661330 -12.8900 0.0600 90.0000
 0 0.01830580 -12.8900 0.0600 90.0000
 0 0.01519440 -12.8900 0.0600 90.0000
 0 0.01614270 -12.8900 0.0600 90.0000
 0 0.01723150 -12.8900 0.0600 90.0000
 0 0.01640680 -12.8900 0.0600 90.0000
 0 0.01654870 -12.8900 0.0600 90.0000
 0 0.01729470 -12.8900 0.0600 90.0000
 0 0.01612320 -12.8900 0.0600 90.0000
 0 0.01662710 -12.8900 0.0600 90.0000
 0 0.01697890 -12.8900 0.0600 90.0000
 0 0.01659620 -12.8900 0.0600 90.0000
 0 0.01690120 -12.8900 0.0600 90.0000
 0 0.01698600 -12.8900 0.0600 90.0000
 0 0.01620730 -12.8900 0.0600 90.0000
 0 0.01620020 -12.8900 0.0600 90.0000
 0 0.01489430 -12.8900 0.0600 90.0000
 0 0.01898190 -12.8900 0.0600 90.0000
 0 0.01637250 -12.8900 0.0600 90.0000
 0 0.01696890 -12.8900 0.0600 90.0000
 0 0.01635830 -12.8900 0.0600 90.0000
 0 0.01680230 -12.8900 0.0600 90.0000
 0 0.01648670 -12.8900 0.0600 90.0000
 0 0.01680060 -12.8900 0.0600 90.0000
 0 0.01634880 -12.8900 0.0600 90.0000
 0 0.01734860 -12.8900 0.0600 90.0000
 0 0.01600930 -12.8900 0.0600 90.0000
 0 0.01676530 -12.8900 0.0600 90.0000
 0 0.01693550 -12.8900 0.0600 90.0000
 0 0.01373190 -12.8900 0.0600 90.0000
 0 0.01934420 -12.8900 0.0600 90.0000
 0 0.01682320 -12.8900 0.0600 90.0000
 0 0.01646720 -12.8900 0.0600 90.0000
 0 0.01665070 -12.8900 0.0600 90.0000
 0 0.01699800 -12.8900 0.0600 90.0000
 0 0.01662920 -12.8900 0.0600 90.0000
 0 0.01633270 -12.8900 0.0600 90.0000
 0 0.01687190 -12.8900 0.0600 90.0000
 0 0.01656110 -12.8900 0.0600 90.0000
 0 0.01677410 -12.8900 0.0600 90.0000
 0 0.01681680 -12.8900 0.0600 90.0000
 0 0.01648480 -12.8900 0.0600 90.0000
 0 0.01653440 -12.8900 0.0600 90.0000
 0 0.01702590 -12.8900 0.0600 90.0000
 0 0.01653300 -12.8900 0.0600 90.0000
 0 0.01676760 -12.8900 0.0600 90.0000
 0 0.01700220 -12.8900 0.0600 90.0000
 0 0.01611350 -12.8900 0.0600 90.0000
 0 0.01635920 -12.8900 0.0600 90.0000
 0 0.01693830 -12.8900 0.0600 90.0000
 0 0.01670820 -12.8900 0.0600 90.0000
 0 0.01647620 -12.8900 0.0600 90.0000
 0 0.01712580 -12.8900 0.0600 90.0000
 0 0.01634880 -12.8900 0.0600 90.0000
 0 0.01648970 -12.8900 0.0600 90.0000
 0 0.01714980 -12.8900 0.0600 90.0000
 0 0.01635650 -12.8900 0.0600 90.0000
 0 0.01507470 -12.8900 0.0600 90.0000
 0 0.01858020 -12.8900 0.0600 90.0000
 0 0.01667390 -12.8900 0.0600 90.0000
 0 0.01684270 -12.8900 0.0600 90.0000
 0 0.01955430 -12.8900 0.0600 90.0000
 0 0.01339430 -12.8900 0.0600 90.0000
 0 0.01661660 -12.8900 0.0600 90.0000
 0 0.01768470 -12.8900 0.0600 90.0000
 0 0.01681620 -12.8900 0.0600 90.0000
 0 0.01545600 -12.8900 0.0600 90.0000
 0 0.01758780 -12.8900 0.0600 90.0000
 0 0.01568580 -12.8900 0.0600 90.0000
 0 0.01516110 -12.8900 0.0600 90.0000
 0 0.01711420 -12.8900 0.0600 90.0000
 0 0.01595690 -12.8900 0.0600 90.0000
 0 0.01868130 -12.8900 0.0600 90.0000
 0 0.01678560 -12.8900 0.0600 90.0000
 0 0.01496010 -12.8900 0.0600 90.0000
 0 0.01913750 -12.8900 0.0600 90.0000
 0 0.01714190 -12.8900 0.0600 90.0000
 0 0.01255310 -12.8900 0.0600 90.0000
 0 0.01845370 -12.8900 0.0600 90.0000
 0 0.01442640 -12.8900 0.0600 90.0000
 0 0.01899970 -12.8900 0.0600 90.0000
 0 0.01442710 -12.8900 0.0600 90.0000
 0 0.01572660 -12.8900 0.0600 90.0000
 0 0.01827330 -12.8900 0.0600 90.0000
 0 0.01675230 -12.8900 0.0600 90.0000
 0 0.01661630 -12.8900 0.0600 90.0000
 0 0.01638270 -12.8900 0.0600 90.0000
 0 0.01664100 -12.8900 0.0600 90.0000
 0 0.01501330 -12.8900 0.0600 90.0000
 0 0.01854240 -12.8900 0.0600 90.0000
 0 0.01591160 -12.8900 0.0600 90.0000
 0 0.01612900 -12.8900 0.0600 90.0000
 0 0.01901290 -12.8900 0.0600 90.0000
 0 0.01664500 -12.8900 0.0600 90.0000
 0 0.01633170 -12.8900 0.0600 90.0000
 0 0.01666470 -12.8900 0.0600 90.0000
 0 0.01675750 -12.8900 0.0600 90.0000
 0 0.01764690 -12.8900 0.0600 90.0000
 0 0.01292950 -12.8900 0.0600 90.0000
 0 0.01837330 -12.8900 0.0600 90.0000
 0 0.01844080 -12.8900 0.0600 90.0000
 0 0.01563520 -12.8900 0.0600 90.0000
 0 0.01719210 -12.8900 0.0600 90.0000
 0 0.01704590 -12.8900 0.0600 90.0000
 0 0.01651750 -12.8900 0.0600 90.0000
 0 0.01828420 -12.8900 0.0600 90.0000
 0 0.01405940 -12.8900 0.0600 90.0000
 0 0.01775330 -12.8900 0.0600 90.0000
 0 0.01632180 -12.8900 0.0600 90.0000
 0 0.01703810 -12.8900 0.0600 90.0000
 0 0.01771760 -12.8900 0.0600 90.0000
 0 0.01538690 -12.8900 0.0600 90.0000
 0 0.01730930 -12.8900 0.0600 90.0000
 0 0.01640150 -12.8900 0.0600 90.0000
 0 0.01685850 -12.8900 0.0600 90.0000
 0 0.01677650 -12.8900 0.0600 90.0000
 0 0.01767830 -12.8900 0.0600 90.0000
 0 0.01679880 -12.8900 0.0600 90.0000
 0 0.01499480 -12.8900 0.0600 90.0000
 0 0.01618000 -12.8900 0.0600 90.0000
 0 0.01718900 -12.8900 0.0600 90.0000
 0 0.01626480 -12.8900 0.0600 90.0000
 0 0.01699910 -12.8900 0.0600 90.0000
 0 0.01661810 -12.8900 0.0600 90.0000
 0 0.01677830 -12.8900 0.0600 90.0000
 0 0.01598770 -12.8900 0.0600 90.0000
 0 0.01714560 -12.8900 0.0600 90.0000
 0 0.01850660 -12.8900 0.0600 90.0000
 0 0.01448670 -12.8900 0.0600 90.0000
 0 0.01846890 -12.8900 0.0600 90.0000
 0 0.01506950 -12.8900 0.0600 90.0000
 0 0.01813710 -12.8900 0.0600 90.0000
 0 0.01502410 -12.8900 0.0600 90.0000
 0 0.01886760 -12.8900 0.0600 90.0000
 0 0.01628470 -12.8900 0.0600 90.0000
 0 0.01649990 -12.8900 0.0600 90.0000
 0 0.01688380 -12.8900 0.0600 90.0000
 0 0.01543460 -12.8900 0.0600 90.0000
 0 0.01763290 -12.8900 0.0600 90.0000
 0 0.01673760 -12.8900 0.0600 90.0000
 0 0.01677820 -12.8900 0.0600 90.0000
 0 0.01636090 -12.8900 0.0600 90.0000
 0 0.01697840 -12.8900 0.0600 90.0000
 0 0.01676560 -12.8900 0.0600 90.0000
 0 0.01612350 -12.8900 0.0600 90.0000
 0 0.01714920 -12.8900 0.0600 90.0000
 0 0.01659090 -12.8900 0.0600 90.0000
 0 0.01641330 -12.8900 0.0600 90.0000
 0 0.01707120 -12.8900 0.0600 90.0000
 0 0.01630830 -12.8900 0.0600 90.0000
 0 0.01672450 -12.8900 0.0600 90.0000
 0 0.01699000 -12.8900 0.0600 90.0000
 0 0.01630370 -12.8900 0.0600 90.0000
 0 0.01655960 -12.8900 0.0600 90.0000
 0 0.01693620 -12.8900 0.0600 90.0000
 0 0.01675640 -12.8900 0.0600 90.0000
 0 0.01664660 -12.8900 0.0600 90.0000
 0 0.01681340 -12.8900 0.0600 90.0000
 0 0.01611200 -12.8900 0.0600 90.0000
 0 0.01695600 -12.8900 0.0600 90.0000
 0 0.01690920 -12.8900 0.0600 90.0000
 0 0.01617110 -12.8900 0.0600 90.0000
 0 0.01645360 -12.8900 0.0600 90.0000
 0 0.01411860 -12.8900 0.0600 90.0000
 0 0.01934850 -12.8900 0.0600 90.0000
 0 0.01663680 -12.8900 0.0600 90.0000
 0 0.01723710 -12.8900 0.0600 90.0000
 0 0.01619850 -12.8900 0.0600 90.0000
 0 0.01674580 -12.8900 0.0600 90.0000
 0 0.01707990 -12.8900 0.0600 90.0000
 0 0.01617350 -12.8900 0.0600 90.0000
 0 0.01686680 -12.8900 0.0600 90.0000
 0 0.01723090 -12.8900 0.0600 90.0000
 0 0.01422160 -12.8900 0.0600 90.0000
 0 0.01773240 -12.8900 0.0600 90.0000
 0 0.01794900 -12.8900 0.0600 90.0000
 0 0.01532590 -12.8900 0.0600 90.0000
 0 0.01746950 -12.8900 0.0600 90.0000
 0 0.01694160 -12.8900 0.0600 90.0000
 0 0.01646250 -12.8900 0.0600 90.0000
 0 0.01648750 -12.8900 0.0600 90.0000
 0 0.01873090 -12.8900 0.0600 90.0000
 0 0.01477870 -12.8900 0.0600 90.0000
 0 0.01663650 -12.8900 0.0600 90.0000
 0 0.01697180 -12.8900 0.0600 90.0000
 0 0.01651950 -12.8900 0.0600 90.0000
 0 0.01636360 -12.8900 0.0600 90.0000
 0 0.01714040 -12.8900 0.0600 90.0000
 0 0.01636400 -12.8900 0.0600 90.0000
 0 0.01640890 -12.8900 0.0600 90.0000
 0 0.01757540 -12.8900 0.0600 90.0000
 0 0.01608910 -12.8900 0.0600 90.0000
 0 0.01638820 -12.8900 0.0600 90.0000
 0 0.01677080 -12.8900 0.0600 90.0000
 0 0.01663870 -12.8900 0.0600 90.0000
 0 0.01654970 -12.8900 0.0600 90.0000
 0 0.01717650 -12.8900 0.0600 90.0000
 0 0.01639650 -12.8900 0.0600 90.0000
 0 0.01669450 -12.8900 0.0600 90.0000
 0 0.01810510 -12.8900 0.0600 90.0000
 0 0.01638950 -12.8900 0.0600 90.0000
 0 0.01646750 -12.8900 0.0600 90.0000
 0 0.01433970 -12.8900 0.0600 90.0000
 0 0.01957620 -12.8900 0.0600 90.0000
 0 0.01550830 -12.8900 0.0600 90.0000
 0 0.01671670 -12.8900 0.0600 90.0000
 0 0.01455070 -12.8900 0.0600 90.0000
 0 0.01721890 -12.8900 0.0600 90.0000
 0 0.01830640 -12.8900 0.0600 90.0000
 0 0.01823960 -12.8900 0.0600 90.0000
 0 0.01345700 -12.8900 0.0600 90.0000
 0 0.01852870 -12.8900 0.0600 90.0000
 0 0.01598290 -12.8900 0.0600 90.0000
 0 0.01654910 -12.8900 0.0600 90.0000
 0 0.01706780 -12.8900 0.0600 90.0000
 0 0.01443140 -12.8900 0.0600 90.0000
 0 0.01754790 -12.8900 0.0600 90.0000
 0 0.01728450 -12.8900 0.0600 90.0000
 0 0.01627190 -12.8900 0.0600 90.0000
 0 0.01622430 -12.8900 0.0600 90.0000
 0 0.01731990 -12.8900 0.0600 90.0000
 0 0.01646900 -12.8900 0.0600 90.0000
 0 0.01504610 -12.8900 0.0600 90.0000
 0 0.01932250 -12.8900 0.0600 90.0000
 0 0.01566370 -12.8900 0.0600 90.0000
 0 0.01660160 -12.8900 0.0600 90.0000
 0 0.01811030 -12.8900 0.0600 90.0000
 0 0.01553170 -12.8900 0.0600 90.0000
 0 0.01739250 -12.8900 0.0600 90.0000
 0 0.01326820 -12.8900 0.0600 90.0000
 0 0.01760840 -12.8900 0.0600 90.0000
 0 0.01818960 -12.8900 0.0600 90.0000
 0 0.01650310 -12.8900 0.0600 90.0000
 0 0.01656750 -12.8900 0.0600 90.0000
 0 0.01676970 -12.8900 0.0600 90.0000
 0 0.02103050 -12.8900 0.0600 90.0000
 0 0.01454530 -12.8900 0.0600 90.0000
 0 0.01255150 -12.8900 0.0600 90.0000
 0 0.01930960 -12.8900 0.0600 90.0000
 0 0.01810760 -12.8900 0.0600 90.0000
 0 0.01603320 -12.8900 0.0600 90.0000
 0 0.01862020 -12.8900 0.0600 90.0000
 0 0.01411450 -12.8900 0.0600 90.0000
 0 0.01637900 -12.8900 0.0600 90.0000
 0 0.01743480 -12.8900 0.0600 90.0000
 0 0.01608620 -12.8900 0.0600 90.0000
 0 0.01625300 -12.8900 0.0600 90.0000
 0 0.01834320 -12.8900 0.0600 90.0000
 0 0.01475100 -12.8900 0.0600 90.0000
 0 0.01614030 -12.8900 0.0600 90.0000
 0 0.01947970 -12.8900 0.0600 90.0000
 0 0.01398020 -12.8900 0.0600 90.0000
 0 0.01833170 -12.8900 0.0600 90.0000
 0 0.01501720 -12.8900 0.0600 90.0000
 0 0.01860650 -12.8900 0.0600 90.0000
 0 0.01302360 -12.8900 0.0600 90.0000
 0 0.01594020 -12.8900 0.0600 90.0000
 0 0.01682880 -12.8900 0.0600 90.0000
 0 0.01800800 -12.8900 0.0600 90.0000
 0 0.01804940 -12.8900 0.0600 90.0000
 0 0.01535470 -12.8900 0.0600 90.0000
 0 0.01811870 -12.8900 0.0600 90.0000
 0 0.01570650 -12.8900 0.0600 90.0000
 0 0.01937710 -12.8900 0.0600 90.0000
 0 0.01642650 -12.8900 0.0600 90.0000
 0 0.01701690 -12.8900 0.0600 90.0000
 0 0.01654140 -12.8900 0.0600 90.0000
 0 0.01670180 -12.8900 0.0600 90.0000
 0 0.01673080 -12.8900 0.0600 90.0000
 0 0.01843080 -12.8900 0.0600 90.0000
 0 0.01511960 -12.8900 0.0600 90.0000
 0 0.01648880 -12.8900 0.0600 90.0000
 0 0.01711690 -12.8900 0.0600 90.0000
 0 0.01743170 -12.8900 0.0600 90.0000
 0 0.01676740 -12.8900 0.0600 90.0000
 0 0.01404770 -12.8900 0.0600 90.0000
 0 0.01623840 -12.8900 0.0600 90.0000
 0 0.01717340 -12.8900 0.0600 90.0000
 0 0.01646650 -12.8900 0.0600 90.0000
 0 0.01618460 -12.8900 0.0600 90.0000
 0 0.01741380 -12.8900 0.0600 90.0000
 0 0.01636320 -12.8900 0.0600 90.0000
 0 0.01522450 -12.8900 0.0600 90.0000
 0 0.01827170 -12.8900 0.0600 90.0000
 0 0.01649710 -12.8900 0.0600 90.0000
 0 0.01640320 -12.8900 0.0600 90.0000
 0 0.01722420 -12.8900 0.0600 90.0000
 0 0.01636320 -12.8900 0.0600 90.0000
 0 0.01662400 -12.8900 0.0600 90.0000
 0 0.01700070 -12.8900 0.0600 90.0000
 0 0.01642120 -12.8900 0.0600 90.0000
 0 0.01661040 -12.8900 0.0600 90.0000
 0 0.01689660 -12.8900 0.0600 90.0000
 0 0.01621870 -12.8900 0.0600 90.0000
 0 0.01880900 -12.8900 0.0600 90.0000
 0 0.01368660 -12.8900 0.0600 90.0000
 0 0.01907290 -12.8900 0.0600 90.0000
 0 0.01651980 -12.8900 0.0600 90.0000
 0 0.01673370 -12.8900 0.0600 90.0000
 0 0.01710730 -12.8900 0.0600 90.0000
 0 0.01614470 -12.8900 0.0600 90.0000
 0 0.01890330 -12.8900 0.0600 90.0000
 0 0.01517480 -12.8900 0.0600 90.0000
 0 0.01542250 -12.8900 0.0600 90.0000
 0 0.01725030 -12.8900 0.0600 90.0000
 0 0.01547850 -12.8900 0.0600 90.0000
 0 0.01543010 -12.8900 0.0600 90.0000
 0 0.01393200 -12.8900 0.0600 90.0000
 0 0.01631760 -12.8900 0.0600 90.0000
 0 0.02103050 -12.8900 0.0600 90.0000
 0 0.01565880 -12.8900 0.0600 90.0000
 0 0.01630090 -12.8900 0.0600 90.0000
 0 0.01895830 -12.8900 0.0600 90.0000
 0 0.01485460 -12.8900 0.0600 90.0000
 0 0.01984400 -12.8900 0.0600 90.0000
 0 0.01411400 -12.8900 0.0600 90.0000
 0 0.01840510 -12.8900 0.0600 90.0000
 0 0.01733730 -12.8900 0.0600 90.0000
 0 0.01552690 -12.8900 0.0600 90.0000
 0 0.01458370 -12.8900 0.0600 90.0000
 0 0.01896080 -12.8900 0.0600 90.0000
 0 0.01528020 -12.8900 0.0600 90.0000
 0 0.01730450 -12.8900 0.0600 90.0000
 0 0.01736430 -12.8900 0.0600 90.0000
 0 0.01639660 -12.8900 0.0600 90.0000
 0 0.01699510 -12.8900 0.0600 90.0000
 0 0.01647000 -12.8900 0.0600 90.0000
 0 0.01663560 -12.8900 0.0600 90.0000
 0 0.01608960 -12.8900 0.0600 90.0000
 0 0.01442880 -12.8900 0.0600 90.0000
 0 0.01832100 -12.8900 0.0600 90.0000
 0 0.01727110 -12.8900 0.0600 90.0000
 0 0.01730720 -12.8900 0.0600 90.0000
 0 0.01640530 -12.8900 0.0600 90.0000
 0 0.01518040 -12.8900 0.0600 90.0000
 0 0.01789060 -12.8900 0.0600 90.0000
 0 0.01712710 -12.8900 0.0600 90.0000
 0 0.01709440 -12.8900 0.0600 90.0000
 0 0.01645730 -12.8900 0.0600 90.0000
 0 0.01643050 -12.8900 0.0600 90.0000
 0 0.01685790 -12.8900 0.0600 90.0000
 0 0.01420250 -12.8900 0.0600 90.0000
 0 0.01908420 -12.8900 0.0600 90.0000
 0 0.01423280 -12.8900 0.0600 90.0000
 0 0.01643600 -12.8900 0.0600 90.0000
 0 0.01788620 -12.8900 0.0600 90.0000
 0 0.01436120 -12.8900 0.0600 90.0000
 0 0.01650320 -12.8900 0.0600 90.0000
 0 0.01774660 -12.8900 0.0600 90.0000
 0 0.01533780 -12.8900 0.0600 90.0000
 0 0.01672440 -12.8900 0.0600 90.0000
 0 0.01780360 -12.8900 0.0600 90.0000
 0 0.01522950 -12.8900 0.0600 90.0000
 0 0.01698530 -12.8900 0.0600 90.0000
 0 0.01945990 -12.8900 0.0600 90.0000
 0 0.01694880 -12.8900 0.0600 90.0000
 0 0.01653080 -12.8900 0.0600 90.0000
 0 0.01644350 -12.8900 0.0600 90.0000
 0 0.01689620 -12.8900 0.0600 90.0000
 0 0.01347270 -12.8900 0.0600 90.0000
 0 0.01996750 -12.8900 0.0600 90.0000
 0 0.01695430 -12.8900 0.0600 90.0000
 0 0.01613810 -12.8900 0.0600 90.0000
 0 0.01555270 -12.8900 0.0600 90.0000
 0 0.01812500 -12.8900 0.0600 90.0000
 0 0.01662220 -12.8900 0.0600 90.0000
 0 0.01616380 -12.8900 0.0600 90.0000
 0 0.01729340 -12.8900 0.0600 90.0000
 0 0.01623800 -12.8900 0.0600 90.0000
 0 0.01681940 -12.8900 0.0600 90.0000
 0 0.01686070 -12.8900 0.0600 90.0000
 0 0.01663120 -12.8900 0.0600 90.0000
 0 0.01638730 -12.8900 0.0600 90.0000
 0 0.01708750 -12.8900 0.0600 90.0000
 0 0.01641810 -12.8900 0.0600 90.0000
 0 0.01654790 -12.8900 0.0600 90.0000
 0 0.01708880 -12.8900 0.0600 90.0000
 0 0.01635900 -12.8900 0.0600 90.0000
 0 0.01643400 -12.8900 0.0600 90.0000
